4942584
5322374
5369444
5320688
5309598
5361013
5349362
4838735
5408184
5282758
5390976
5306201
5436818
5349361
5400172
5424387
4888475
5434049
5387001
5408180
4763981
4838784
5377447
5380298
5428679
5387000
5276001
5374275
4798384
5392796
5330492
5311761
5396201
5181764
5414308
5436826
5372689
5320686
5392799
5367539
5414305
5410507
5401975
4927827
5430955
5410500
5349364
5362513
5340515
5280403
5400176
5372681
5401977
5214490
5380304
5400174
4942360
5405934
5394549
5342675
5388523
5262516
5434056
5244639
5364169
5428681
5394545
5371277
5362514
5234122
5436820
5338421
5416279
5401980
5424395
5419604
5332053
5422668
5355098
5400169
5422666
5400173
4940683
5200581
5416281
5324264
5396202
5430951
5396203
5345085
5372685
5359181
4915913
5396200
5405935
5403792
5386999
5400177
5374278
5436819
5417669
5434052
5419600
5386997
5219341
5424392
5414299
4932279
5428677
5384908
5351502
5428680
5410503
5338423
5422667
5311760
5430954
5324273
5422669
5424386
4884529
5430971
5434051
5434050
5422670
5434048
5408183
5403794
5364171
5335779
5374279
5424391
5412613
5426257
5377444
5428674
5434053
5430958
5436825
5428675
5390975
5436822
5436824
5436823
5436821
5426262
5201201
5436817
5434054
5434055
5388528
5405936
5392803
5306204
5416280
5426260
5419601
5408181
5434047
5430956
5347175
5401981
5430957
5297929
5430970
5430953
5430952
5424388
5226132
5428682
5419609
5345088
5314745
5426263
5426265
5428678
5279293
5375912
5422661
5365839
5416278
5428676
5416277
5428673
5355093
5392794
5390977
5426261
5426264
5330495
4932478
5422663
5426259
5369445
5426258
5426256
5375915
5417674
5362518
5388527
5371275
5424394
5380301
5412611
5424393
5405933
5424390
5424389
5417671
5419606
5378884
5392797
5362521
5422662
5417667
5422665
5412607
5422664
5419608
5419607
5277971
5400170
5230091
5416275
5417675
5287791
5403795
5417670
5414304
5419605
5412612
5419602
5419603
5408187
4932479
5349358
5417676
5416283
5410509
5417672
5414307
5417673
5417668
5394548
5398086
5398084
5410506
5414301
5416276
5410502
5414306
5401979
5416282
5416274
5396204
4825651
5414303
5414302
5403789
5414300
5412614
5387004
5367542
5228577
5277963
5314747
5410508
5412610
5412609
5403790
5401976
5412608
5410505
5355096
5410501
5412606
5374277
5408186
5401984
5400171
5299801
5410504
5403796
5364166
5408178
5380299
5405932
5359183
5223658
5408182
5408179
5384906
5403791
5383421
5405938
5405937
5384911
5392801
5405929
5294281
5405930
5405931
5396199
5403793
5351500
5403788
5303174
5403797
5181122
5383417
5359175
5394546
5401983
5396206
5401982
4814024
5394552
5378882
5401978
4916745
5367538
5394551
5335784
5306205
5400175
5365838
5400178
5388531
5398079
5386998
5398078
5377443
5375919
5378879
5398080
5398081
5398083
5398082
5398077
5396207
5369441
5396205
5396208
5383418
4916737
5394550
5378878
5181113
5381930
5388532
5369438
5388525
4912412
5380303
5384904
5304716
5394547
5338428
5394544
5394543
5392798
5390983
5392802
5392800
5369442
5375918
5381927
5380306
5367543
5381933
5392795
5377445
5375920
5390982
5383422
5222769
5384907
5374280
5390979
5390974
5390978
5390981
5390980
5200587
5381934
5387002
5378881
5359182
5388530
5388526
5372683
5308016
5387005
5290411
5387003
5338425
5383424
5365840
5381932
5383419
5386996
5383426
5371274
5372688
5313238
5384909
5357137
5377441
5374273
5384905
5351503
5383425
4936241
5381936
5383423
5380297
5375916
4800384
5215883
5381929
5380302
5381928
5245813
5378886
5183077
5328295
5234779
5349365
5378885
5380300
5371273
5362516
5326812
5276002
5378883
5347176
4804919
5335786
5377442
5378880
4920575
5313230
5377448
5378877
5377446
5372686
5377449
5271005
5340519
5361020
5371280
5365843
5374271
5377440
5364167
5375914
5369439
5375917
4888161
5286924
5351494
5294276
5326817
5367541
5355094
5367547
5320693
5375913
5374276
5374274
5353333
5369440
5375911
5372687
5372696
5371282
5374272
5371276
5371281
5372682
5332047
5371278
5372684
5338429
5308024
4887686
5335781
5294282
5365847
5371279
5296231
5362515
5326819
5357143
4864289
5303173
5369446
5361016
5340513
5359179
5364175
5267092
5342672
5215881
5286922
5365844
5364172
5362517
5369443
5297923
5369447
5367546
5351501
5367545
5345086
5357140
5357146
5347182
5314743
5367544
5357139
5361012
5361019
5365845
5347181
5367540
5365842
5357142
5365846
5365841
5364173
5361017
5201529
5364174
5355097
5326811
5362520
5330494
5364170
5364168
5357138
5347179
5182448
5359185
5359176
5303171
5362519
5326814
5361018
5299803
5332052
5349360
5180883
4912411
5362512
5359178
5268984
5299800
5359177
5355099
5361015
5359180
5274430
5355100
5361021
5361014
5342673
5194270
5357144
5335785
5357145
5353338
5355101
5332050
5347184
5332049
5353335
5320692
5351495
5332054
5228578
5272709
5357141
5214496
4864994
5351499
5297924
5353341
5351496
5349363
5355095
5228034
5318384
5243299
5353334
5342669
5353337
5353340
5355092
5326818
5286920
5338420
5353332
5353336
4756697
5345094
5338422
5342676
5351497
5351498
5283143
5349367
5326820
5233176
5231315
5224487
5349366
5222774
5349359
5345087
5299805
5347183
5303172
5347177
4870679
5347180
5347178
5342670
5345089
5299808
5322381
5345092
5226135
5316322
5318388
4862535
5313232
5287792
5338426
5345093
5335780
5345091
5308018
5301355
5332046
5345090
5330486
5244644
4920375
5340521
5342674
5342667
5308019
5342671
5322379
5340520
5324266
5309595
5313236
4912268
4862531
5340518
5342668
5340517
4920574
5328294
5340512
5279288
4915070
5340516
5326815
5233178
5330488
5309597
5328291
5340514
4915072
5332055
5322378
5328292
5328290
4774427
5338427
4932487
5303176
5320691
5330489
5309596
5338424
5234775
5335783
5296227
5335787
4916001
5274425
5324268
5320689
5332048
5279297
5335778
5287794
5313235
4805828
5335782
5330490
5324267
5316328
5309599
5316327
5330493
5276004
5241845
5320684
5313237
5309600
5218493
5318387
5309591
5330491
5296229
5330487
5311768
4811512
5328293
5294293
5328289
5328287
5280396
5328286
5326816
4769306
5324270
5316331
5181283
5326813
5322383
5322377
5308017
5324269
5313234
5292155
5324271
5324272
5303168
4915786
5322376
5324265
5322382
5303175
5290414
5243298
4824559
5280401
5308021
5313229
5322380
5318381
5301353
5309592
4869988
5309594
5318383
5322375
4931726
5241838
5320687
5243306
5320685
5292162
5318389
4899312
5320690
5304707
5316329
5318380
5318385
5277964
5264391
5268978
5314748
4917835
4865250
5318382
4913069
5318386
4780688
5316324
5276006
5282759
5316326
5231311
4940398
5301351
5241846
5314750
4832675
4914922
5316330
4899320
5277969
5277968
4888403
5314741
5316325
5268987
5314749
5316323
5182111
5314746
5244643
5231316
5304713
5244646
5280405
5306200
5313233
5182257
5311762
5308015
5314742
5314744
5245822
5292154
4928528
5276000
5313231
4888752
5308023
5279289
5283144
4888688
5306206
5262518
5290415
5286925
5308020
5311765
4899245
5304709
5222770
5304710
5296230
5311766
5303170
5311767
5304708
5294278
5311764
4870753
5222005
5277962
5311763
5311759
5215887
5181116
5304714
5271003
5306199
5232240
5225251
5309593
5226130
5308022
5275997
4936246
5294277
5301349
5228028
4769180
5272707
5306208
5201535
5306207
5184185
5306203
5290413
4865247
5286917
5301352
5306202
5222003
4847933
5296233
5219337
5283142
5304715
5296235
4928719
5286921
5297925
5272701
4936378
4805082
5296236
5304712
5304711
4912611
5303169
5299806
5282757
5301366
5286918
5296228
5296232
5296234
5299809
5286919
4779833
5201067
5301354
5201200
5290409
5287800
4932836
5303167
5264393
5219342
5201066
5282765
5292161
5231313
5301350
5301347
5290412
5297931
5301348
5244648
5299802
5297930
5299807
5299804
5297928
5182109
4887689
5271011
5268986
5283136
5294275
5297926
5297927
5287796
5180892
5283140
4928587
4936376
5230098
4915068
5267091
5294280
5286916
5277970
5292156
4832373
5267087
5292163
5286923
5234114
5217285
5280399
5272706
5233175
5294279
4916004
5201199
5262520
5280400
4773093
4908872
5224481
5280397
5294274
5182254
5233174
4942348
5292158
4940211
5279291
4920571
4932837
5279296
5292160
5292159
5290408
5231307
4888754
4864343
4903696
5292157
5283138
5221274
5235277
4899314
5287799
4888402
5290416
5228036
5290410
5290417
5217284
5225256
5283139
5182445
5226134
5287798
5287793
5225257
5287795
4903695
5233177
5283141
4912614
4940686
5282762
5268980
5245821
4883914
4831941
4862529
5214492
5232234
5198483
4942590
5215884
5235299
5274432
4869318
5279292
5282761
5283145
5283137
5241841
5200582
5282763
5200585
5282760
4915795
4885469
5277967
5272705
5279290
5282756
5234123
5280404
5214497
5280398
5279294
4936316
5225255
5277965
5235300
5244640
4914924
5353339
5279295
5182442
5200710
4811504
5227434
5277966
5262511
5180890
5272708
4918055
4913070
4940320
5276005
5264388
5271004
4916742
5217288
4854024
5274431
5264396
5267089
5244645
5267093
5276003
5274444
5243302
5275999
5275998
5245820
5274443
5230094
5274426
4888256
5271002
5271007
4914834
5274429
5274427
5233183
5274428
5272700
4888162
5271010
5268985
5225254
4887938
5183075
5226128
5272704
5245817
5221268
5271008
5243301
5272703
5271009
5272702
5200709
5267088
5184190
4903703
5184189
5262512
5271006
4939398
5221266
4899313
5264392
5188311
5234783
5194267
5268983
5229275
5243304
5268981
4928713
4915914
5228570
5214491
5221996
5202428
4888694
5200711
5188121
5234778
5235278
5234777
5267090
5228029
5201530
5262517
4912612
5267095
5268982
5268979
5229274
5243307
5245816
5267094
5267096
5184188
5264395
5198487
4915073
4940689
5264390
4928525
5264397
5233182
5226133
4787123
5264394
4940393
5220546
5234115
5262515
4806375
4870676
4888756
5264389
5262519
4779831
4914917
5225249
4847930
4788158
5231309
5235276
4940684
5219339
4916740
5234782
4871128
5233179
5245819
5245818
5245815
5201536
5244647
5241842
5229278
5245814
5234776
4920369
5243300
5221271
5244641
5235296
5224478
5218490
5217287
4936314
5244642
4903651
5226129
5243305
5201534
4936243
5243303
5232231
4813484
5223653
4803749
5241847
5229276
5229271
5201203
5228574
5241843
5231308
4888749
5224482
5228573
5235275
4847936
5241844
5228032
5235279
4888691
5200715
5241840
5214495
5201059
5241839
5235280
5226127
4920576
5229273
4916739
4845326
5233181
5232235
5222002
5235274
5234119
5234121
5234781
5224480
5234780
4932286
5230099
5234774
5181444
4871008
4829183
4834306
5234116
5229272
5183082
5188305
4838530
5184193
4814987
5234118
4888599
4915909
5234117
5233180
5230097
5181442
5232239
5228575
5222775
5219340
5230092
5232232
4928722
5231314
4932485
5232236
5232238
4887936
4928717
5188304
5225248
5224484
5232237
5229277
5227436
5227435
5225250
5225253
4928530
5231312
5181120
5231310
5228031
5202430
5230100
5230096
5230095
5219343
4915792
5227430
5221269
4914916
5230093
5229279
5223657
5229280
5223651
5226131
4928585
5221273
5188122
5222004
4803606
5228579
5218484
5188123
5228576
5228571
5218486
5227437
4915787
5228572
4874667
5200713
5182250
5228033
5228030
5228035
5227438
5228027
5222777
5181761
5227433
5227439
5227431
5217290
4913068
4940400
5224485
4936247
5227432
5222771
5181445
5200708
5226126
4927828
5222773
5219338
5225252
4862669
4887695
5224486
4940399
5224479
5218489
5181441
5201062
4942345
5223652
5221272
5217289
4914830
4826046
4912346
4814019
5224483
5188118
5215879
4940688
5188310
5220547
4916133
4942342
5223654
5182248
5218491
5223656
4939407
5223650
5220551
5222772
5223655
5220545
5223659
5222776
5222001
4912263
4940317
5201202
5221999
4828872
5180888
4887691
5221997
4888159
5222768
5215885
5220553
4874674
5222000
5181288
5184194
5221267
4932828
5217281
5215880
5221998
4925176
5220549
4939400
5202437
5221270
5220550
5221265
5220554
5220552
5220548
4828076
5188120
4916126
5201206
5201204
4932158
5219335
5201207
5218485
5181762
5218492
5188119
5219336
5201198
5217286
5219334
4887875
5181766
4936375
5198479
5202435
5188313
5218488
5218487
4936315
4916002
4930181
4915793
5182450
5198482
5188124
5215886
5217283
4864345
5184187
5183083
4932829
5202429
5217282
5215888
4940210
5194269
4838785
4925173
5181758
4918052
4936312
5202436
5201061
5214489
4932834
4928584
5198481
4888399
4914833
5181121
5202431
4936380
5182252
5201058
5214494
5201528
4925174
5200579
4912231
4813483
5214488
5201205
5214493
5202432
5200584
5181114
5202433
5202434
5182110
5201063
4915911
5200714
4888606
5201537
4914918
5201531
4928586
4780687
4841907
4825653
4887693
4927826
5200712
5201532
5181765
5201533
4779896
4940207
5181285
5201064
5194263
4931720
4916743
5198485
4940321
4917820
5201065
5182447
5194271
5198478
4942588
4924955
5194262
4871013
4916003
5200716
5200717
4932285
4927829
4912234
5183081
5200580
4915789
4836260
5200583
5200586
5183074
5200578
4865253
5182253
4805186
4804071
4862673
5182249
4865071
5181284
4942583
4936310
5188312
5188306
5198484
5182256
5181439
5182113
4916741
5198480
4915075
5182255
4913073
4903647
5194268
4798484
5194266
5194264
5182117
4932484
4942349
4884727
5188309
5183080
4888066
5183076
5181443
5188308
5188125
4838786
5188117
4847932
4908869
5180884
4940691
4918048
4824554
4940395
5181763
4915069
5181759
4813485
4942341
5188116
5184192
4779921
5184191
5182444
4916135
5181767
5184186
4912233
4870680
5182114
4869984
5182443
5183079
5183078
5182449
4923323
4942462
5182446
4942582
4932167
5182441
4942589
4854153
4920572
5182251
4940209
4914829
5180891
4888252
4940682
5182115
5182116
4907620
4940202
5182112
5182108
4912344
4888401
4888542
5180887
4908839
4888469
4917832
5181118
4932159
5181760
4940401
4883912
4883908
4931718
5181446
4942463
4940394
5181447
5181292
5181438
4887664
4931723
4930185
5180889
4942347
4887662
4942343
5181440
4939406
4920570
4883739
4928527
4940687
5181290
5181291
4942468
4883906
4942346
5181289
5181287
5181286
4899317
4940319
5181117
5181119
4884724
5181115
4798482
4920568
4920573
4913071
4939403
4931725
4769750
5180886
5180885
4931727
4925175
4908838
4942470
4942466
4907623
4814864
4936309
4942587
4942581
4942464
4942461
4942585
4940316
4908871
4940690
4827942
4912618
4942469
4932480
4940208
4942465
4936379
4942467
4923315
4942344
4871131
4928531
4923316
4932284
4939404
4939399
4936240
4940396
4940392
4888541
4923322
4915910
4940685
4912417
4936373
4940312
4940397
4888640
4932832
4912345
4912266
4940314
4927825
4907616
4924957
4936242
4838792
4888538
4940318
4865255
4928590
4940315
4920374
4917822
4940313
4908840
4927824
4888405
4930187
4908863
4932283
4914923
4912259
4936313
4832524
4912262
4916005
4940206
4927822
4940204
4939405
4924954
4936374
4924949
4888783
4814026
4928588
4932830
4932831
4939402
4939401
4912348
4932486
4924952
4832475
4912265
4932835
4928589
4833070
4936317
4888071
4928529
4936244
4936381
4865075
4936245
4931724
4936318
4936248
4936239
4912229
4912609
4925171
4931719
4936311
4924956
4928718
4932483
4917819
4908836
4914921
4847929
4874673
4920567
4845278
4932161
4928532
4916129
4928526
4885795
4908865
4884721
4932833
4907617
4923318
4887873
4928592
4838525
4913074
4931721
4925177
4932482
4932163
4932166
4899244
4912616
4932287
4927820
4916134
4915791
4916132
4829030
4932281
4932282
4932165
4916130
4932280
4912409
4888539
4928714
4932278
4932164
4824435
4930183
4824556
4862528
4932160
4932162
4883737
4908835
4928523
4916744
4888784
4930179
4931722
4927821
4888249
4808110
4883907
4930184
4930186
4925168
4930188
4916128
4925169
4888072
4928715
4885790
4928591
4838860
4928583
4914831
4888690
4928720
4928721
4908870
4928716
4903701
4888780
4908864
4915996
4809695
4865246
4920371
4916131
4924948
4924951
4923321
4885466
4925170
4887867
4862671
4915071
4826365
4899311
4928524
4888250
4927823
4809396
4847938
4925172
4920367
4915997
4888067
4918049
4917821
4888255
4899241
4912267
4917816
4912343
4923320
4923319
4870789
4870760
4923317
4918050
4912235
4916736
4838532
4869316
4920368
4920569
4912413
4918051
4874891
4908841
4920372
4871129
4888158
4920370
4918046
4920373
4914835
4888779
4914826
4888537
4887872
4916127
4804124
4769756
4827151
4918045
4918047
4917831
4871010
4912416
4887868
4888605
4917818
4917817
4912610
4913067
4913066
4916738
4834201
4887945
4888755
4865251
4914920
4756695
4809694
4908868
4787128
4801133
4912340
4915912
4883745
4914828
4832579
4899319
4907614
4915067
4825648
4912617
4914925
4916000
4888777
4915794
4915788
4915998
4912261
4912426
4915999
4841834
4787125
4912615
4915915
4870751
4915907
4854021
4915790
4888545
4915906
4883736
4778795
4884719
4841831
4915074
4874890
4912415
4800463
4888467
4888540
4841903
4913065
4884696
4915066
4884805
4887981
4914919
4885794
4912264
4903653
4908866
4888400
4836145
4864286
4806372
4888692
4913072
4914832
4912236
4903652
4908867
4884531
4908834
4914827
4912237
4845241
4912613
4899243
4899249
4885470
4912410
4912260
4888645
4800639
4912347
4912232
4912341
4899247
4912342
4888468
4870721
4885789
4888476
4907619
4838783
4876952
4912238
4908842
4887870
4888406
4887942
4814858
4912230
4874666
4903645
4865248
4903649
4811508
4888075
4869315
4887656
4864290
4903700
4862672
4883743
4908837
4870725
4887688
4908833
4903702
4887980
4887940
4804912
4907621
4834195
4887978
4888471
4888643
4907622
4888601
4907615
4888474
4907618
4903704
4838531
4805083
4903654
4884804
4887937
4899246
4888070
4888646
4888689
4874888
4888785
4903699
4887692
4899316
4870754
4811403
4936377
4903697
4903698
4903650
4903648
4888642
4884803
4903646
4888786
4899248
4888781
4899318
4883911
4899315
4899250
4883910
4888695
4870723
4805822
4884688
4832372
4899242
4887663
4888753
4888782
4804237
4888750
4839010
4888778
4888696
4888751
4885474
4854211
4888544
4884532
4845238
4887984
4888748
4805824
4888644
4888747
4888600
4788029
4864342
4888693
4888247
4888604
4870788
4888687
4888638
4888639
4888157
4888163
4845244
4888603
4885787
4888160
4888164
4888637
4888602
4885788
4888156
4888073
4888473
4871009
4870752
4888397
4803815
4887660
4888546
4888597
4888598
4888543
4884801
4762857
4888472
4874892
4778792
4888470
4888398
4854214
4888404
4764438
4888254
4887982
4834192
4888248
4874675
4811399
4888253
4884800
4814866
4888165
4769751
4854210
4888251
4888069
4862534
4793820
4887869
4864336
4887977
4887983
4865671
4788023
4888068
4888074
4874670
4870782
4814867
4884528
4887657
4887985
4876946
4884697
4862675
4887944
4796491
4800630
4809399
4887943
4884694
4847937
4862526
4884725
4811509
4887939
4887976
4870730
4887979
4801061
4887661
4832017
4887687
4876954
4885791
4887941
4887694
4847935
4865670
4885468
4836151
4870790
4887665
4887866
4839005
4884690
4887871
4803900
4804344
4871011
4814990
4884718
4884533
4887690
4862666
4884726
4814989
4833062
4870729
4885467
4884689
4874669
4864340
4832430
4885793
4884807
4883740
4885475
4870727
4832580
4836402
4871012
4887659
4887658
4885473
4884723
4871005
4883915
4841837
4826836
4885472
4824558
4884691
4885792
4885786
4864990
4885471
4854018
4800469
4755572
4798550
4874894
4884693
4884806
4884692
4884802
4876953
4827943
4800461
4884720
4845243
4751539
4801342
4806317
4832577
4884798
4884722
4884527
4871132
4884695
4883744
4874895
4835927
4870677
4884536
4884530
4884535
4884534
4883913
4871124
4826364
4854207
4869310
4826841
4870678
4832477
4864989
4874886
4831111
4883741
4834307
4845335
4788026
4874671
4883738
4876950
4876947
4876955
4876949
4864991
4870784
4876951
4763303
4871130
4834310
4845280
4874893
4805123
4796490
4836406
4834311
4798548
4874887
4874889
4871133
4870728
4756152
4874668
4870674
4874672
4845285
4832375
4810928
4773599
4864987
4838736
4836142
4864293
4871127
4805416
4869986
4767154
4835924
4838859
4781177
4870671
4871125
4870758
4871004
4854151
4832673
4827152
4864988
4871007
4836254
4869980
4870787
4832426
4871006
4829872
4870783
4763833
4870781
4870785
4800468
4804860
4870786
4838788
4845330
4870755
4831265
4870759
4865667
4832013
4870756
4870757
4865675
4869313
4864341
4869982
4845242
4841909
4832011
4775402
4800385
4854146
4864338
4838791
4864339
4810930
4870726
4835176
4805414
4804349
4870724
4845239
4839007
4870722
4864288
4854019
4869987
4869981
4865673
4841908
4767157
4831943
4865074
4838790
4869314
4793824
4869983
4865674
4869985
4869317
4805328
4869312
4862667
4781182
4865254
4839003
4800726
4864291
4818353
4865252
4832679
4869309
4838855
4760025
4865672
4838737
4854016
4865067
4865068
4803607
4865666
4865066
4865668
4865072
4865249
4865073
4835177
4826048
4864995
4864992
4845334
4865070
4832020
4841900
4864993
4828044
4829871
4864986
4864344
4829186
4862674
4845282
4834196
4788160
4854022
4781183
4832018
4862532
4808869
4864294
4854152
4854025
4763305
4864295
4862670
4864287
4854149
4838858
4832674
4804853
4838738
4854150
4787415
4832522
4862668
4862533
4836146
4824557
4847934
4831113
4827944
4778978
4835180
4841833
4810923
4838316
4854208
4845331
4838529
4832576
4808107
4782164
4831117
4824339
4862527
4832377
4854213
4854212
4806311
4841830
4826051
4832424
4788022
4854209
4845333
4854155
4841904
4854206
4812546
4841902
4787009
4804918
4854148
4833064
4838733
4854147
4831269
4818354
4832379
4835173
4813479
4838322
4836586
4845327
4826843
4769186
4854023
4841836
4834198
4845332
4835174
4854020
4827148
4829181
4845237
4831270
4845283
4845277
4845279
4831948
4790939
4773834
4824875
4764437
4841835
4827936
4835923
4805128
4841838
4812550
4806468
4839006
4845284
4824357
4818349
4845240
4838524
4829185
4831116
4845245
4845281
4836587
4845276
4836591
4796497
4841906
4827154
4764442
4769300
4832531
4845236
4838523
4804123
4826047
4838527
4838787
4839011
4841901
4808359
4841839
4804063
4839012
4798378
4815078
4828037
4836409
4835179
4829034
4838313
4773607
4832529
4838861
4839008
4804066
4838742
4808868
4838856
4793821
4839004
4832528
4827940
4832428
4828043
4838789
4838862
4838854
4832575
4838857
4831947
4809697
4838740
4834302
4832481
4838853
4801341
4836589
4833069
4828867
4832527
4814022
4838321
4815077
4836148
4833068
4828085
4838528
4781181
4832573
4838319
4801139
4793823
4808356
4829187
4798551
4836150
4836583
4811395
4838317
4813482
4826837
4838315
4775401
4835930
4838314
4836584
4832429
4836582
4824879
4828077
4836143
4836585
4836410
4836255
4836411
4824340
4835928
4836253
4836252
4836404
4836408
4810922
4836261
4832376
4801066
4832478
4836256
4763978
4836258
4836257
4832574
4835929
4815074
4832427
4835181
4827149
4818350
4824434
4806378
4831264
4831945
4835922
4832525
4832680
4835178
4834304
4829026
4835926
4835925
4793822
4832479
4800723
4803752
4815080
4835182
4829190
4834199
4787119
4804132
4834305
4834309
4815073
4805209
4834308
4832681
4832677
4834193
4834303
4826368
4818346
4780061
4811513
4832523
4834197
4809698
4834194
4811506
4793583
4826367
4824876
4828869
4833065
4827147
4833071
4832526
4813486
4833066
4832676
4828079
4809692
4801345
4833063
4824873
4809395
4805184
4805823
4832578
4831114
4806319
4829875
4818352
4824319
4826049
4800638
4832480
4832474
4832371
4828874
4804917
4832572
4832378
4826371
4828041
4829876
4804856
4772277
4825644
4831268
4829874
4832476
4829877
4831115
4806376
4832472
4828038
4831942
4787015
4828875
4788024
4832423
4832422
4831944
4829032
4831266
4829028
4824312
4815081
4832012
4827153
4832374
4826842
4828873
4814863
4827155
4832019
4831949
4831112
4803898
4829873
4824335
4814862
4832016
4804129
4832015
4824440
4809693
4831946
4829182
4824356
4829033
4798381
4810921
4831261
4831120
4804069
4808102
4831267
4831263
4831262
4824437
4829184
4828866
4831118
4829878
4829880
4812551
4829879
4828868
4809691
4828036
4805830
4806371
4764433
4829189
4798553
4826045
4806316
4826370
4804350
4829031
4826845
4780202
4824881
4829027
4773604
4828045
4828871
4828081
4828870
4828084
4825646
4826372
4824317
4828083
4828082
4824353
4827937
4811397
4827939
4780689
4824320
4828039
4828078
4828040
4824874
4824561
4828042
4827150
4804915
4824313
4826044
4827945
4778981
4825650
4805321
4753705
4814027
4805821
4788156
4801068
4818347
4806312
4827146
4804352
4824877
4814865
4826840
4826839
4826373
4812553
4824433
4826369
4824560
4800725
4812549
4824441
4790938
4826053
4826050
4825652
4806466
4825649
4787013
4811510
4806320
4824878
4751543
4824361
4824333
4824436
4824358
4824552
4824553
4787413
4805330
4824438
4824360
4824432
4808358
4824354
4808360
4814861
4814985
4800631
4803751
4756696
4804916
4809394
4814859
4805826
4814025
4804131
4804072
4824332
4824321
4805088
4808108
4805085
4824316
4806380
4824315
4824314
4818348
4805127
4812552
4814021
4788155
4808103
4814983
4803609
4804346
4756151
4815072
4778791
4804911
4814023
4805827
4800388
4808867
4806465
4806470
4814020
4812547
4808870
4814860
4763310
4812545
4805183
4814018
4813487
4806467
4804239
4811402
4813480
4810924
4774422
4813478
4805419
4812544
4805189
4772280
4800637
4804241
4800467
4811507
4806463
4811511
4806462
4780201
4780057
4808863
4803895
4805121
4806374
4806313
4788030
4804351
4809700
4809391
4805418
4809392
4808104
4805417
4805326
4800721
4806469
4800462
4809398
4809397
4798478
4801064
4809393
4808866
4808352
4803899
4808865
4805825
4808357
4806379
4808862
4808861
4808355
4763841
4801131
4801347
4804345
4808109
4808351
4808354
4755575
4773101
4769181
4808101
4805204
4805322
4805329
4778788
4805430
4804233
4798483
4806315
4805829
4804859
4805185
4805205
4798485
4798556
4805090
4803821
4805129
4763836
4769749
4804852
4805412
4788157
4780062
4782156
4804348
4803746
4805324
4805089
4804235
4801134
4805203
4762856
4805207
4805124
4762853
4805086
4760024
4772836
4805188
4805190
4780691
4804851
4779828
4805125
4805126
4805081
4774428
4769753
4788025
4800728
4804234
4800466
4796493
4778790
4804127
4804236
4803748
4804343
4804914
4787127
4798487
4790941
4780204
4780206
4804126
4804130
4804128
4756698
4781180
4801136
4780693
4778984
4804064
4790943
4798555
4800633
4779829
4801348
4788153
4798380
4787416
4803744
4803893
4796495
4803817
4756156
4803816
4782162
4803743
4750923
4803750
4803745
4801343
4801135
4800635
4798382
4798552
4801137
4800636
4801346
4762861
4798387
4801340
4801132
4801138
4750918
4801067
4793577
4772833
4780694
4798557
4798554
4801065
4801060
4793818
4780063
4782159
4779834
4800727
4793581
4800724
4800720
4798379
4787126
4787417
4790946
4798383
4773094
4796492
4800460
4782155
4779893
4782161
4778982
4798479
4798480
4796494
4793580
4796496
4756693
4793815
4796488
4793582
4764436
4758281
4793817
4781174
4773606
4775397
4769187
4780059
4779920
4787409
4790940
4787018
4788159
4772837
4778796
4781178
4780692
4780199
4788152
4787418
4787010
4787122
4787411
4787410
4780200
4787120
4787012
4787121
4787124
4767156
4780695
4780690
4787016
4787011
4779919
4780197
4782163
4779890
4779922
4779832
4773608
4767149
4781179
4779925
4780696
4778979
4780205
4779891
4780066
4780198
4773838
4779889
4780065
4780064
4763837
4775403
4780060
4773600
4778977
4780058
4773098
4773832
4775395
4773092
4778787
4779894
4779892
4773830
4774425
4779835
4773837
4761725
4775399
4763973
4764434
4753701
4769754
4775396
4775400
4774430
4774423
4774431
4772840
4763975
4773835
4773833
4753699
4769183
4773605
4773603
4772281
4773097
4772832
4773601
4772841
4769182
4758275
4767155
4764439
4772839
4767150
4762859
4761733
4769758
4769308
4763834
4769303
4772272
4769757
4751540
4769302
4769184
4761726
4750925
4769185
4769179
4767158
4764435
4763982
4758278
4763974
4763304
4763838
4763839
4763840
4763835
4763842
4753703
4763307
4762862
4761731
4803902
4762855
4760029
4761730
4761729
4761728
4756702
4761724
4760030
4760032
4758280
4756700
4756154
4755576
4756149
4756148
4755569
4753698
4751541
4750926
4750922
4750920