5623189
5494455
5614416
5603697
5607296
5565396
5622671
5623184
5597927
5623183
5623191
5622668
5615349
5622669
5606641
5623185
5622666
5506805
5623187
5612817
5562423
5623190
5607743
5609890
5614411
5615348
5614413
5608640
5622663
5620413
5605688
5384620
5615352
5612630
5622665
5612632
5371062
5605685
5620412
5433715
5618558
5622664
5622662
5612633
5399479
5620124
5620415
5497384
5583319
5620406
5620408
5589598
5620407
5558394
5620117
5607747
5543410
5585012
5609664
5612822
5612818
5612819
5614418
5494459
5614417
5599651
5620410
5608633
5609657
5508042
5607551
5278494
5620123
5608641
5620409
5609658
5620411
5613142
5603696
5614419
5609662
5618559
5620122
5620121
5620118
5576316
5614415
5607302
5618561
5424847
5607299
5620125
5597929
5473689
5586490
5612627
5612815
5606339
5614410
5607744
5607549
5618557
5613145
5613149
5597154
5609888
5612824
5613141
5608639
5536021
5561362
5609659
5615355
5620119
5608642
5618565
5605693
5604814
5620116
5519038
5614414
5618564
5614412
5613143
5537559
5592712
5618563
5613140
5615356
5579670
5618562
5594483
5609663
5618560
5609660
5415390
5612816
5607545
5613146
5615351
5607298
5615350
5521090
5613147
5603689
5562424
5615353
5615357
5612823
5609893
5560929
5604818
5607550
5612626
5618556
5609887
5568657
5607746
5599655
5589593
5604812
5399476
5419537
5615354
5612820
5608636
5600098
5609892
5613144
5513868
5588002
5512436
5579672
5608637
5609885
5589590
5606648
5613148
5606335
5543413
5323684
5597926
5568653
5607543
5606644
5588007
5497387
5605687
5612821
5612628
5612631
5607748
5612625
5606334
5579668
5606642
5605686
5609894
5536030
5392570
5612634
5609891
5609661
5607304
5609889
5555410
5612629
5592716
5485851
5431623
5573858
5603692
5608638
5607295
5581528
5588004
5592711
5603695
5561364
5407755
5436097
5609886
5597924
5607301
5600094
5543415
5605691
5485855
5607544
5571867
5609656
5607548
5609655
5607745
5607303
5573861
5392572
5585017
5576315
5604819
5497385
5604817
5607546
5608634
5607751
5449490
5298533
5597155
5597157
5594481
5585015
5600095
5608635
5571860
5607749
5600096
5607750
5594476
5600103
5403448
5581530
5581535
5305661
5604813
5606647
5548756
5573860
5606337
5606336
5338520
5592715
5599648
5606331
5603698
5600100
5603690
5587999
5606646
5606338
5607547
5586489
5603693
5560933
5606332
5607552
5555414
5594479
5571861
5597925
5607297
5497383
5552482
5404787
5565395
5605689
5607300
5594482
5606645
5560926
5362268
5583312
5586493
5605692
5552476
5605690
5606643
5512440
5605684
5599652
5516330
5606640
5606639
5599653
5604810
5429851
5557376
5531912
5606333
5548750
5606330
5603694
5588006
5510242
5600101
5561359
5604815
5604816
5586496
5585016
5597152
5588000
5604811
5583317
5597921
5603691
5555416
5600099
5589594
5597928
5411934
5592714
5597158
5600102
5599656
5600097
5508043
5541340
5599654
5510238
5594480
5586494
5589589
5599650
5560925
5561361
5273346
5592710
5597922
5597930
5594485
5373426
5512439
5599649
5592713
5526839
5592708
5592717
5561366
5585010
5599657
5597150
5568659
5589595
5594477
5490792
5562417
5545489
5352845
5490788
5597923
5589591
5589592
5429849
5592709
5597156
5512443
5493425
5548759
5558402
5597151
5583313
5583314
5594478
5581534
5585013
5506804
5445875
5534105
5597153
5597149
5470066
5506797
5500212
5585009
5588005
5594484
5522539
5548754
5568651
5561363
5589596
5571862
5588003
5561368
5565393
5568658
5541345
5589597
5586495
5583315
5565399
5554094
5359445
5444180
5537558
5586497
5512441
5588008
5539138
5588001
5565400
5410575
5583316
5375867
5568655
5586491
5571863
5536029
5586492
5583321
5491993
5558393
5548760
5522540
5583320
5375866
5539133
5537563
5500215
5585014
5576314
5279322
5505122
5508040
5356660
5491992
5407751
5539140
5583318
5273340
5568656
5586488
5581537
5585011
5510241
5391226
5581536
5558399
5571865
5585008
5522542
5555417
5537560
5573863
5497381
5557382
5411931
5560927
5579671
5573865
5545490
5536024
5581533
5447561
5579673
5562419
5453079
5554093
5513869
5581531
5579675
5579674
5445869
5558397
5548757
5576311
5410577
5573864
5500217
5422633
5562418
5581529
5521089
5565401
5474972
5445870
5573866
5423740
5402148
5462089
5573859
5565398
5562421
5560931
5528356
5576310
5539134
5560928
5579669
5557377
5579666
5562416
5576318
5367371
5413249
5410579
5493433
5557379
5510234
5568654
5555413
5573867
5571869
5531914
5508039
5576317
5409237
5568652
5565392
5576313
5516332
5341529
5561365
5545486
5557381
5537564
5576312
5576309
5545493
5571866
5488902
5571864
5485852
5404786
5573862
5506803
5571868
5541348
5490790
5554100
5393855
5558400
5554095
5388288
5565394
5557374
5508035
5348246
5536028
5493423
5560930
5545485
5474971
5568660
5497379
5548755
5444188
5531917
5565397
5531918
5417925
5554098
5376898
5464174
5453081
5539141
5524839
5555409
5555408
5522536
5557373
5543417
5521088
5526837
5407757
5555415
5460762
5561367
5453080
5505123
5516335
5537561
5562422
5519032
5519033
5560932
5562425
5557380
5429853
5502552
5528359
5513870
5539132
5470068
5531913
5561360
5510255
5555412
5513875
5545488
5539139
5524840
5528355
5560924
5462085
5554092
5437528
5543411
5490789
5555411
5500216
5558401
5502555
5528362
5474977
5558396
5558398
5558395
5431620
5537562
5440550
5543414
5301959
5491986
5534103
5513874
5381095
5526841
5493427
5536025
5513867
5508034
5543416
5526834
5473680
5552479
5363477
5526833
5545491
5552480
5524843
5505118
5524845
5464177
5488904
5541341
5528358
5554096
5508036
5478550
5419538
5506801
5453077
5331190
5395317
5321113
5557378
5286011
5552475
5447565
5541339
5510237
5557375
5541344
5531915
5478558
5554099
5513873
5554097
5473683
5313749
5541343
5328015
5536022
5548753
5537556
5488900
5323693
5552474
5494460
5464172
5541347
5554101
5552478
5534101
5543409
5510235
5543412
5493424
5440547
5449486
5462083
5373422
5548752
5545492
5524846
5390384
5552481
5423735
5552477
5541342
5545487
5519039
5519037
5543408
5500221
5536027
5421153
5396573
5422634
5460764
5383612
5516333
5528360
5505114
5282282
5478551
5449484
5548751
5519035
5422637
5513872
5502554
5537557
5468124
5524842
5506800
5460755
5545494
5541346
5537565
5531909
5402154
5534098
5539136
5445877
5458654
5411929
5444181
5522534
5431622
5428307
5512435
5447560
5516328
5539137
5534102
5491991
5512444
5539135
5513866
5428313
5482984
5460759
5312741
5494456
5494463
5444183
5528364
5471329
5355207
5526836
5536023
5358016
5488899
5536026
5447568
5413241
5410570
5458660
5516336
5433709
5402147
5521091
5526838
5534106
5534100
5531911
5458663
5411927
5534099
5531910
5471335
5534104
5393857
5402150
5534097
5522537
5500213
5526840
5478555
5505115
5449489
5464171
5505117
5526832
5524844
5488905
5531916
5528363
5312743
5471337
5528361
5524841
5516331
5528357
5338522
5403453
5526835
5455396
5378981
5395316
5381094
5505113
5493430
5424849
5502559
5424848
5512442
5493422
5512438
5470075
5522535
5351300
5328009
5524838
5359444
5317437
5426192
5521086
5386986
5502557
5516334
5470071
5506802
5521087
5521092
5524837
5522541
5313756
5494457
5513871
5505121
5471333
5490785
5429855
5468125
5424850
5522538
5455390
5516329
5519030
5488906
5506799
5471334
5500214
5289237
5519031
5521085
5473687
5521084
5396580
5491990
5400763
5335042
5510240
5331187
5392566
5516327
5521083
5426190
5512437
5519036
5508041
5500218
5482987
5519034
5415386
5474975
5449488
5424856
5335040
5491988
5327029
5397780
5502560
5490786
5453082
5508038
5426189
5471330
5327025
5468120
5464179
5351299
5505116
5421157
5510239
5423734
5429858
5500220
5508037
5497380
5485853
5355209
5400760
5316095
5488901
5510236
5336492
5449485
5506798
5485857
5473685
5415393
5445868
5494464
5506806
5473681
5390385
5291656
5416678
5369787
5470070
5456410
5358009
5502558
5440546
5428315
5406212
5384621
5407749
5419539
5505124
5458656
5456414
5500219
5490794
5380079
5482979
5464170
5497386
5462088
5453085
5502556
5462086
5493428
5304594
5433708
5366191
5453076
5371055
5482988
5416681
5474969
5270871
5485849
5390387
5423736
5497382
5455394
5437523
5436095
5468123
5458657
5456409
5458661
5421158
5282284
5449487
5488903
5490787
5456415
5464175
5485856
5421156
5470067
5409246
5426191
5478556
5494461
5410572
5447563
5471331
5491989
5444185
5482982
5437525
5468127
5473686
5386995
5482986
5431617
5491985
5462084
5482980
5482983
5488907
5447569
5468121
5395311
5388290
5491994
5473684
5493432
5390389
5482985
5478553
5490793
5388291
5458662
5417923
5474970
5372038
5470069
5470072
5417918
5473682
5474976
5490791
5429857
5460757
5364370
5458659
5310715
5485848
5424851
5478552
5471336
5455389
5449491
5404778
5468119
5468118
5410574
5419533
5464178
5456412
5440548
5390392
5447567
5474973
5471328
5464173
5488898
5478554
5449483
5485854
5431618
5416676
5415394
5478559
5417920
5366190
5428314
5460756
5470074
5290257
5403451
5462080
5460763
5460760
5421152
5447564
5455395
5431624
5433714
5456416
5474978
5392569
5456411
5462082
5445871
5436098
5421151
5360938
5474974
5411930
5445876
5303394
5419535
5369778
5440549
5456407
5473679
5423733
5409245
5329577
5266996
5468122
5400762
5470073
5444184
5471332
5440542
5299690
5399485
5417926
5363478
5453078
5345216
5268595
5437521
5417917
5413248
5415387
5388289
5468126
5356661
5386990
5433712
5429854
5464176
5404782
5437527
5416680
5309258
5396582
5409242
5449492
5410576
5462087
5460758
5385754
5447566
5413240
5378982
5462081
5460761
5447562
5278493
5436091
5375863
5458655
5431621
5428308
5413244
5444182
5400768
5426188
5453083
5407756
5409238
5426187
5395310
5444189
5416673
5349681
5431616
5381088
5458658
5422631
5424855
5424854
5440545
5313755
5314981
5431615
5400767
5377861
5403457
5395309
5455393
5354044
5395312
5423739
5403449
5380083
5455392
5456408
5411933
5323689
5396578
5343002
5428316
5323690
5375861
5316100
5455388
5436099
5455391
5421155
5440551
5415392
5453084
5422632
5579667
5409240
5395318
5436094
5426186
5417921
5444186
5426193
5416674
5422635
5423731
5433710
5410578
5381091
5362263
5364385
5377859
5445874
5445872
5385746
5437530
5319307
5391230
5423732
5437522
5440543
5423737
5384619
5444187
5436100
5437529
5317434
5385750
5386994
5433707
5437526
5404783
5396581
5359441
5403454
5382244
5440544
5397776
5415388
5362267
5429850
5291654
5437524
5377866
5429856
5428311
5428312
5349687
5433711
5436096
5419536
5273343
5436093
5436092
5282281
5433716
5371057
5433713
5422638
5402146
5431619
5393850
5369779
5428310
5399482
5417924
5422636
5404781
5373424
5402145
5380085
5399477
5429852
5297076
5421159
5416672
5382245
5304587
5406210
5385752
5368570
5367376
5363480
5360936
5415389
5372034
5404780
5426194
5384618
5422639
5426195
5348242
5410571
5413246
5424852
5322283
5413243
5402149
5346699
5403452
5399478
5382238
5409244
5421154
5406215
5363476
5411928
5422640
5274619
5400764
5303387
5409239
5380080
5395314
5416679
5416675
5391228
5381090
5381092
5388284
5376891
5421150
5325243
5372036
5413245
5360937
5386987
5367373
5325251
5366188
5411932
5355211
5391225
5393861
5419534
5403456
5419532
5278497
5358011
5416677
5373427
5419530
5417922
5415391
5404785
5410573
5402152
5400759
5368575
5386993
5314980
5411935
5349680
5352849
5376894
5332319
5406208
5329582
5395313
5413242
5377858
5413247
5388287
5409243
5407753
5286123
5399483
5411926
5402151
5266987
5312739
5403450
5396574
5273341
5376897
5407752
5355204
5406209
5397775
5403455
5364373
5380082
5348241
5342999
5360941
5375864
5400766
5407754
5397784
5397781
5400761
5399481
5406216
5397777
5377860
5382237
5314983
5407750
5367372
5388285
5391231
5319301
5378979
5377857
5406217
5306830
5371054
5406211
5327027
5312745
5325244
5338526
5386989
5393851
5402153
5404784
5317435
5377864
5392573
5397779
5383610
5392567
5372037
5390386
5312742
5264053
5368577
5390391
5376890
5383611
5356664
5374619
5383615
5396576
5294249
5400765
5356658
5352843
5397783
5399484
5304591
5391224
5383613
5378978
5310711
5396579
5341527
5348239
5392571
5397778
5368572
5325247
5286012
5270867
5393859
5354042
5354045
5384614
5383616
5349686
5393852
5380077
5331191
5351294
5358017
5392564
5308098
5380081
5355202
5374612
5381096
5390390
5388286
5338525
5374620
5374614
5329579
5393863
5356659
5301964
5345217
5391229
5348245
5332322
5300825
5391232
5368571
5385749
5317438
5341528
5339865
5375865
5382243
5301957
5392568
5374613
5391227
5358014
5385751
5332317
5385748
5304595
5381093
5386988
5359436
5373425
5392565
5375868
5371059
5298541
5390393
5332325
5363484
5286306
5310710
5336496
5345219
5345218
5372040
5366194
5380078
5368576
5386992
5262490
5384617
5380086
5327030
5362264
5384612
5328007
5268597
5275877
5374617
5388292
5390388
5381087
5383608
5388283
5308100
5313751
5376892
5382241
5376899
5368568
5378980
5386991
5286007
5300828
5341525
5385753
5382239
5323686
5291660
5270869
5385755
5290256
5354051
5355203
5369783
5385747
5349688
5382242
5384616
5377862
5372035
5289241
5335039
5321110
5375870
5376896
5362271
5303395
5362266
5383614
5298534
5364369
5384613
5314975
5371056
5336495
5346703
5286314
5362269
5359438
5346702
5301961
5303388
5383609
5354043
5328014
5345215
5343003
5262487
5346704
5374616
5273342
5378986
5372042
5380084
5327024
5378977
5378984
5369784
5358013
5349683
5374615
5378983
5322277
5346701
5377865
5332316
5289238
5367368
5367369
5373430
5303389
5351298
5304592
5371053
5374618
5377863
5351302
5364367
5264051
5369781
5346696
5300822
5336490
5339868
5375869
5292913
5364371
5366196
5336493
5367370
5376895
5328006
5328012
5376893
5364372
5373429
5366195
5335046
5287674
5282073
5359437
5360932
5363479
5367374
5325249
5373421
5352844
5308103
5341524
5359443
5295787
5360933
5366192
5336489
5308097
5364374
5368569
5362265
5368574
5343000
5367377
5295790
5371058
5289239
5322282
5372033
5301965
5335038
5299697
5299691
5360939
5371061
5371060
5265302
5327022
5309261
5363485
5286500
5346698
5352847
5369782
5341521
5306832
5368573
5331189
5345223
5354048
5339871
5360935
5355205
5325242
5262481
5312746
5352848
5358010
5319306
5322280
5299695
5274616
5262489
5305662
5366193
5363483
5366189
5348243
5338528
5364368
5321106
5351297
5364366
5309265
5339869
5352850
5343001
5321107
5329585
5286496
5343007
5356665
5278496
5351295
5359439
5363481
5346697
5275885
5359440
5331195
5301962
5297079
5335045
5331193
5336497
5354050
5294252
5338523
5332324
5360934
5349685
5358015
5297075
5358012
5266993
5343006
5305668
5313757
5306829
5339874
5319302
5356662
5325248
5356666
5355206
5356663
5356657
5351303
5312747
5339873
5355208
5339870
5268596
5323692
5332323
5304590
5289240
5352851
5354049
5325241
5341530
5294247
5304588
5322275
5291658
5319303
5310709
5270863
5305663
5308099
5354046
5354047
5301958
5287672
5351296
5321108
5273344
5291662
5322279
5282276
5279318
5269843
5280261
5348240
5339866
5277075
5348247
5310713
5328011
5314979
5345220
5319299
5332321
5345221
5338527
5345224
5277080
5346700
5338524
5306837
5336488
5321111
5265307
5300826
5327028
5297074
5300819
5272051
5345222
5343005
5332318
5317442
5291657
5323687
5309260
5305660
5336491
5342998
5339867
5314976
5308095
5341522
5335041
5338529
5313758
5279319
5319300
5308096
5287678
5316102
5313750
5309262
5321105
5287677
5323688
5313754
5268593
5292910
5303390
5278489
5321109
5325245
5331188
5322276
5274622
5329580
5329581
5275880
5328008
5309263
5329576
5264047
5316104
5303396
5275884
5295794
5329578
5290248
5317439
5328010
5327023
5273347
5272047
5286313
5286310
5323691
5323685
5287676
5321112
5286505
5280264
5289243
5306838
5312744
5306834
5297072
5319305
5298540
5301960
5312748
5305665
5316101
5299699
5310712
5317436
5317440
5306831
5286309
5309264
5300823
5270864
5314982
5316103
5312740
5289244
5292907
5316098
5316097
5313753
5300820
5309259
5301966
5286311
5291655
5275882
5272046
5299696
5309257
5304596
5270868
5278490
5300821
5290250
5287679
5264055
5308104
5299694
5305664
5287675
5306836
5305666
5264048
5298539
5301963
5272044
5277084
5297073
5292911
5282071
5292904
5297081
5290253
5282280
5298537
5299698
5298532
5291661
5262485
5280258
5290251
5295788
5295789
5295792
5292908
5292906
5286501
5282279
5286315
5294250
5290255
5294251
5274624
5266990
5289235
5292909
5294246
5286498
5294244
5290252
5274618
5287680
5286010
5286119
5286117
5279327
5286307
5286122
5265298
5286502
5278495
5286308
5286312
5277078
5266992
5265305
5282069
5269845
5282070
5273348
5286118
5275879
5286120
5269850
5286013
5286015
5262488
5269848
5269849
5280263
5275883
5278491
5270866
5282277
5282074
5277079
5280260
5274620
5277077
5270870
5272048
5268588
5272050
5262483
5272042
5270862
5274617
5273345
5272049
5264052
5268594
5268589
5268590
5264050
5265306
5265304
5262484