37835
37789
37832
36889
37584
35425
35572
37510
35518
36320
37396
34157
35481
37773
37831
37694
37677
37686
37834
37749
37636
37833
37303
37829
37818
37810
37508
37635
37688
37535
37813
37819
37695
37457
37761
32540
37641
37117
37716
37724
37825
37093
37830
37705
37431
37734
33034
33187
34886
37814
37809
37828
37827
35853
37562
37721
36389
37782
37738
37733
37561
34888
33650
37629
37790
37822
36558
37774
35846
37037
37663
33008
37824
37558
37741
37823
37817
37726
37601
37786
37743
32620
37661
37718
37640
37369
34948
37821
37709
37578
37032
36383
37449
37816
37796
37820
37753
36380
37707
36324
37776
37788
37548
37575
37589
37759
37628
37815
37763
37337
33719
37770
37624
36935
37621
37495
37802
36829
37762
37812
37775
37742
37730
36813
37666
37760
35405
37745
37692
37800
37811
37766
37795
37466
37729
37778
36374
37771
37083
37397
37560
37807
37732
37682
37808
37756
37479
37458
37714
37673
37422
36904
36541
37633
37681
37750
33234
34768
37806
37546
37333
36835
37672
37801
37751
37804
37411
37805
37764
37799
36773
37772
37765
37803
37667
35933
37517
37612
37133
37791
37588
37780
37767
37513
35950
37792
37376
36019
37798
37281
37784
37675
37317
37623
37618
37744
37638
37683
37785
36598
37783
37746
37352
37794
37715
37577
37262
37793
37739
37642
37752
37758
37459
37737
37777
37516
36060
37787
37685
37725
37779
37119
37755
37720
37731
37659
37781
37189
37590
37769
37684
36965
37401
37607
37592
37691
35904
37717
37768
37664
36828
37332
37144
36693
36252
37658
37563
37669
37698
37419
37757
37549
36979
37740
37649
37451
37632
37652
37418
37754
37702
36256
37573
37648
36950
37230
37670
32917
34145
37569
37704
37444
37747
35625
37697
37586
37527
37567
37748
37570
37030
36847
37657
37662
37727
37645
37650
37604
37712
37591
37723
37534
37736
37671
37735
35609
37540
37521
36432
37654
37472
37598
37637
37609
35308
37710
37719
37689
37679
37728
37148
37678
37554
37393
37553
37485
37680
37722
37524
37622
37647
37436
37651
37711
37708
37018
37382
37703
37264
37239
37713
37701
37580
37706
37653
37581
37617
37423
35919
37506
34628
37597
37498
37593
37490
37690
37606
37700
37693
37630
37676
32658
37602
37529
36502
36377
37486
37021
37699
34534
37188
37660
37639
37696
37605
37041
37626
35533
37435
37152
36945
35951
37687
36064
36928
36790
37576
37438
36911
36368
37583
37514
37531
37429
35783
37564
37585
37674
37480
37371
37077
37656
37557
36930
36842
37665
37668
37484
37526
37515
35946
37478
37644
37620
37058
37631
37381
37448
37579
37568
37551
37443
37587
37471
37151
37613
32850
37464
36542
36702
33849
37643
37646
37599
37655
37453
36916
37179
37045
33876
36196
37616
37452
37600
37383
37595
37414
37556
37499
37404
37619
35516
36109
37566
37373
37615
37184
37627
33623
37608
34647
37412
37614
37634
37328
37572
37456
36233
37310
37469
37611
32603
37351
37350
37610
36878
37625
37110
37532
37416
36572
37107
35476
36826
37550
37544
35542
37594
36870
37370
37002
37470
37542
37447
37360
37432
37225
37509
37186
33374
37407
37596
36845
37462
36785
36388
37555
37424
34901
37181
37603
37582
36741
37340
36809
37304
37545
37375
37571
36868
37309
37543
37197
37559
37392
37565
37538
37491
37503
35060
37358
36325
35937
37541
36920
37428
37308
37477
37574
37313
36510
36999
37537
37338
34629
37523
37294
37493
37547
36028
37465
36974
37533
37403
37034
37271
37316
36353
36997
37552
37098
37357
36906
37356
35061
37155
36312
37420
37019
36565
37347
37507
37539
37306
37483
35837
37461
37433
36548
37136
37406
32413
37413
36472
34866
37066
37446
37536
37455
36179
37260
37043
37389
37504
36815
37430
37518
37322
34269
36962
37467
37525
37266
37315
37321
37494
37528
37530
37463
37325
37520
33867
37410
37519
37194
37399
36882
37346
34505
37500
35967
37402
37268
37454
37269
37196
37502
37362
37299
37231
36880
37501
37377
37497
36803
37210
37355
37475
37261
37522
34876
37408
37273
35219
37512
37492
37505
36977
37445
37511
37339
36382
35959
37481
37421
37191
35502
35534
36461
36743
37496
36838
37111
37276
37102
37265
37046
37488
37437
37379
37162
37171
37149
37364
36765
37425
37473
37487
37442
37036
37367
37329
35878
37474
37427
37246
37476
36666
37394
35372
35672
36245
37482
36991
35803
37221
37242
37409
37390
36475
36843
36458
37468
37011
37079
37398
36193
37384
36538
37284
35356
37450
37440
36048
37256
37374
37460
37426
37279
37391
37123
37305
37252
36568
37439
37163
37013
37208
36994
37326
37071
37415
37170
37441
36081
37302
36691
37434
37385
36255
37075
37156
36898
32482
35237
34059
35997
36995
36967
37248
37224
37314
36405
32525
37114
35661
33666
37363
36726
37378
34315
37359
37165
37331
37417
36263
37108
36489
36340
37341
37274
37388
37240
36952
36884
37400
37320
37289
36240
37157
37334
37285
37365
37059
37327
37380
35005
37395
37349
37169
37386
35819
37193
37353
37201
37290
35352
36098
35490
36931
36223
36646
34396
37387
36740
36943
36737
37213
37296
36363
37372
36537
37368
37324
32571
37176
33424
37291
37354
37237
36915
34527
37361
37094
36767
37292
37366
37312
36973
37233
37348
36493
36300
33630
37031
37121
36570
37318
36936
35154
37229
34949
36754
36645
35692
37319
36821
37146
37344
37226
37489
36987
36663
37214
36524
37243
36964
34714
37139
37323
36603
36352
37345
37220
37272
36923
37336
37300
37015
37343
36534
36850
37180
37342
37293
36703
36604
36634
36877
36731
37195
36554
37192
37024
37082
37244
37072
36678
35916
37160
37255
36963
37335
36637
37330
37212
36099
37275
37295
37278
37253
37222
37254
37280
37311
34273
36273
36619
33561
36593
37120
36872
35486
37153
36606
34524
37044
36062
36762
36435
33975
36712
36939
35876
37053
37297
37051
36980
37286
36986
37048
36679
37200
37307
36153
35774
33335
37127
36769
35351
37097
37234
37091
37298
37175
36814
37033
37159
37236
37301
36655
36586
36182
36909
36807
37096
36221
37288
35639
36010
36172
37060
34999
37150
37172
37232
36669
37092
37263
35595
36535
33391
36800
36794
35984
36699
37259
37282
37277
37099
37287
37086
36834
37247
37283
37062
36642
37250
37009
37016
36993
36594
37124
36902
34898
37209
35985
36544
37258
37204
36157
37065
36970
37135
36827
36601
37161
37257
36677
36478
37205
37270
36946
36971
37241
36661
36824
37129
36894
37267
34474
37245
36772
37211
37207
37249
36942
36910
34331
37154
36934
37134
36744
37178
36009
37185
33513
36696
37251
37218
36633
36688
36863
36453
37095
37076
37202
36174
36215
34458
36444
37003
34779
36893
35849
36128
36811
37227
36714
36913
36802
36147
37118
36804
36793
36433
35995
36219
37223
37238
37235
37190
35624
33219
36501
37228
36932
37052
36335
36912
37219
37026
34933
35494
34671
33388
37130
36745
37217
37106
37216
37115
36275
37215
36760
36996
37206
36849
37100
33999
36122
37158
36865
37187
37028
37049
35960
35563
36753
36214
36326
37112
35517
36660
36286
36992
37203
36424
37025
35548
37198
36727
37199
32857
36895
36901
35700
36406
37104
36881
36574
37074
37168
35943
37089
36841
37078
36011
36775
35369
36518
37182
37164
36228
37174
37183
36695
37103
37132
36307
36871
32897
37167
35747
37090
37131
37177
37067
37063
37005
36260
37173
36953
36805
37147
36722
37166
35858
37056
36253
36761
36418
35644
36371
36479
36797
36897
37088
33636
37042
36292
37010
36111
36968
36445
37126
36954
36419
35885
36237
37081
34138
37143
36944
35564
37145
37140
33317
36590
36859
35989
36874
36905
37142
37141
36516
37116
36922
37070
37128
36940
36891
37068
37138
36941
36976
37137
36988
36092
37050
37122
36933
36925
37085
36867
36684
36360
34509
35560
36989
37008
37125
37105
35996
37007
37109
37069
35914
36566
37038
37101
36961
36886
36610
37047
36127
36290
32975
37113
34496
36774
37001
36983
36998
34640
36975
36216
36258
36673
36706
35770
36782
36672
36966
36318
37000
35675
36272
36709
36046
37080
33725
36532
37023
36887
36459
36856
37087
36917
36097
36839
36960
35361
37073
37084
36959
36145
33321
37064
37055
36617
36958
36766
36067
37029
36607
37017
36249
36810
35906
35111
36188
35986
37061
36379
36612
36927
36739
36650
36611
35801
36990
36981
35340
33103
34970
37054
36711
36972
36903
37057
37022
36853
37039
36600
36158
36676
35794
36985
36777
37040
35497
36956
34423
36509
36918
36515
36949
32744
36361
35768
35123
36588
33002
37027
37035
36779
35528
37014
35805
36674
36521
35974
35485
36969
36716
36748
37020
36929
36955
36855
36578
36041
36408
36614
37012
35743
37004
35192
36686
36635
36436
36866
35600
36879
35380
37006
35448
36978
36356
36682
36951
36823
36857
36543
36806
36254
36613
35603
35763
36246
36599
35506
36707
36938
36384
36715
36984
36450
36720
36982
36890
36347
34367
36957
36799
36585
36527
35922
36456
35338
35762
35895
36506
36948
36497
36180
35917
36798
36297
36783
36947
36852
36750
34712
36616
36861
36869
36342
36391
36671
36924
36830
36908
33241
36937
36851
36914
36875
36483
36786
36854
36481
36926
36883
36921
36063
34668
36580
36751
36885
36339
36873
36033
35932
36919
36413
36784
36747
35085
35623
36569
33896
36526
36876
36818
36846
36907
36106
36008
36476
36795
36888
36670
36555
36896
36900
36596
36864
36464
35896
35182
35270
36295
36892
34510
36858
36651
36899
36346
36778
35083
36293
36564
36205
36780
36837
36862
36833
35821
32569
36733
36758
36831
35697
35604
36832
36310
36589
36392
36665
36735
36662
34369
34164
36788
36507
35581
36729
34634
36323
36860
36014
35557
36468
36781
36130
36844
36452
36848
36764
36648
35693
36536
35596
36771
36836
36812
36840
33833
36796
33164
36730
36085
36819
36421
36449
35122
35791
34314
36825
36822
34382
36112
36341
36234
36816
36026
36562
36344
36719
36820
35048
36776
36559
35680
36817
35744
35828
36808
36438
36470
36164
36040
36736
36282
36609
36801
36746
36791
36792
36789
35225
36561
36787
36191
36608
36697
36749
36189
36317
35795
36431
35073
36430
36728
36195
36659
36752
36175
33385
36768
36144
36462
33590
36757
36630
34533
35029
36756
36717
36627
36575
34879
36652
36469
36770
36618
36685
35442
36597
36734
36763
36759
36755
36721
33828
36742
36710
36208
36639
36369
36399
36584
36209
36576
35888
36675
36096
36657
36404
36724
36036
36738
33533
36704
36713
36621
36625
34958
36088
36718
33524
36732
33507
36155
36605
36656
33943
36309
36257
36723
33392
36700
36331
36725
36602
36349
36528
35674
35750
36313
36170
36632
36592
36375
36689
36204
36329
36681
36267
36664
35695
36649
35515
36708
36440
36694
35673
36698
36705
34895
36552
36423
35347
35107
36701
35656
36640
36417
36595
36551
33960
36266
35738
36049
36653
36692
36690
36624
36176
36687
35686
36540
36658
36563
36643
36220
36683
36680
33564
36187
35309
34621
32452
34123
36484
34233
36496
36508
35832
36348
36579
34222
36482
36667
36125
35823
36668
35247
36581
34871
36454
36582
35510
36132
36359
36647
35718
36242
36426
36378
36522
36332
36626
36654
36395
36530
33307
35261
36442
36591
36620
36644
36631
36192
34503
36560
35815
36236
36225
36517
36623
35961
36513
36587
36641
36638
36177
35843
36577
36533
36531
36636
36545
36556
36306
36467
36345
36416
36427
34808
36474
36357
36615
36629
36412
36628
36411
35095
36622
36529
33965
36514
32445
36105
35870
36523
36422
34945
35857
36583
36457
35400
32497
35869
35322
36553
35358
36100
36304
33022
36549
35852
35923
36315
35944
35487
36238
36006
36495
36077
35045
34468
34818
35206
35647
33596
36151
34070
36229
36198
36231
36573
36546
35608
36494
35168
36487
36571
33592
35968
36567
34347
35370
35410
36520
36557
35551
36500
35956
36213
36512
36550
36547
36437
36525
36381
36262
36051
36499
34438
36338
36294
35384
36539
36463
34969
34542
36311
36185
36492
36149
34870
35021
36301
36519
36095
35859
36150
35570
34910
36298
35522
34616
36511
36414
36250
35793
35854
36018
36465
35942
34690
36354
34938
36358
36034
36505
35446
36415
36490
36443
35436
36227
36498
35317
36504
36429
36491
35658
35480
36428
34689
35814
35875
36446
36434
36350
36080
35891
36471
36126
36168
36302
36503
36364
36167
36485
33005
35739
35681
35162
36140
34745
36488
36152
34294
36117
36480
36299
34177
36486
36057
36190
36466
35727
36477
36321
36473
34940
35311
35575
36082
36104
36291
36460
36012
35652
35899
36305
36066
34923
34064
36455
36042
36327
35253
35450
34450
36451
35978
34744
34881
36409
36448
35726
36308
36447
36398
35682
36441
36387
36269
35511
36403
36183
36439
36251
33941
35915
35872
36393
36372
36362
36322
34435
35449
36410
35731
36397
34407
36366
34614
36401
32822
33233
36094
35969
36394
35777
36373
35983
36425
36108
35426
34937
33580
33560
36386
36316
36089
35781
36044
36420
33550
35809
36303
36103
36264
35312
32604
36407
36370
33913
36390
36288
35812
36121
36038
33589
35925
34814
36402
35137
36400
36396
36385
36146
34942
33501
35994
36200
36319
35613
36268
36244
36367
35641
36243
35319
36330
35691
36247
35778
36365
34373
36376
36013
35597
35949
36068
36336
35193
35336
35975
35365
36287
35099
35930
36271
36355
36203
36259
35962
33326
36075
36133
36279
35547
35583
35957
34561
36351
36274
33413
34254
36070
35948
36314
35940
36186
36334
35637
34125
36280
36119
35582
36076
36337
36343
35861
35838
36181
36285
34360
35898
36278
35373
36328
35892
36002
34821
36333
35999
35393
34642
34860
35163
34968
35371
36053
36289
36284
36184
36141
35972
35929
36087
36239
36261
36283
35935
36115
36201
36005
35767
35881
36135
36078
35188
36296
35871
36116
35620
36276
35941
35963
36163
35927
36281
36022
35202
36210
36277
35238
36199
36071
36206
36224
36017
36226
36079
35684
35936
36248
35546
36021
36270
34444
34098
35621
36265
34921
35388
34445
33982
35302
35474
35954
36083
36241
35049
34252
35115
36162
34065
34885
32934
34786
35130
36211
35611
33682
35530
35646
35243
34991
34495
35720
36134
35404
35912
36131
36136
36232
36047
35827
36102
35567
36054
36235
35301
36039
35921
35552
35867
36217
36086
35437
36015
34711
35568
36110
33348
35594
35818
35565
33352
35574
36230
35874
36218
35205
36222
35484
34941
36069
35495
35851
36148
35001
36156
36173
35290
36171
35882
35690
36154
32786
36212
36202
36139
36107
35877
35799
34119
35973
36207
32469
35800
36142
36166
36118
35096
36197
35687
35970
35634
36137
36194
36030
36025
35890
35926
36007
35708
36169
35934
33905
36123
36124
36178
34719
35993
36072
33091
35296
35804
36159
35701
36165
36161
35924
32737
36160
33988
36073
35056
35677
35759
35631
36113
35980
36055
35289
36000
35842
35866
35653
35769
34675
36093
34039
36138
33217
34271
35971
36031
35084
36143
34867
36016
35958
36129
35705
35839
35987
35775
35710
35905
35730
36120
35500
36061
36059
35900
35920
36024
35754
35408
35855
35741
35981
32589
34601
35655
36052
35928
33848
36114
35988
36050
33186
36065
33880
36101
35039
35015
34134
35488
35758
34723
36091
35668
36023
36090
35706
35598
35798
32686
34828
36084
35868
35982
36043
36074
35787
35979
36056
35807
35689
35555
35669
35945
35992
36035
36058
34589
35826
35955
35671
35952
34899
35703
35407
36045
35713
34792
32515
36001
35482
35953
35913
34043
33992
35990
36037
35538
35894
35813
35618
35811
35825
35245
36032
35808
36029
34835
36003
36027
35643
33492
34985
35873
35443
35835
32722
36020
35342
35042
33811
34523
33582
35728
35802
35976
35910
35998
33064
35911
35965
34856
35685
34493
35947
34823
35616
35615
36004
35757
35667
35789
35889
34491
35977
35991
35735
35816
35844
34946
35382
35411
35559
35554
35036
35431
34183
35584
35902
35630
35966
35884
35586
33291
35964
34908
35751
34433
35903
35764
35907
35178
35523
33932
34765
35797
35897
33935
35721
35938
35908
35236
35629
35199
35665
35848
35492
35909
35536
35796
35316
35413
34706
35477
34377
35939
35856
35886
35788
35251
33159
35657
35931
35362
35577
34926
33558
34548
35018
34685
35780
35177
35862
35709
32523
35702
35918
34082
34781
35529
35439
35459
35640
35375
35589
35077
35745
35566
33944
35719
33382
34612
35879
35257
35429
33193
34989
35520
35792
35841
35806
35840
34976
35830
34442
35893
33082
35390
34789
33551
35776
35472
35860
35887
35883
35749
35537
34892
35880
35785
33901
35817
35760
35255
35026
35264
35659
35622
33188
35833
34480
35822
35694
35834
34364
35244
35532
35714
35142
33514
35850
35865
35864
34354
35863
35627
35732
33320
35504
35550
35845
33879
35081
35628
35847
33511
35531
35376
34773
35753
35524
34819
35829
35733
35836
35638
33734
35824
35716
35736
35273
35539
35593
35468
35660
35831
34894
35755
35354
35389
35664
35820
35419
34927
35676
34520
37405
34543
35562
35306
35696
35810
35444
35441
35591
35461
34909
35666
32992
35297
35649
35699
35513
35790
35766
35786
35545
34545
33966
35784
35489
35782
35779
34489
33357
35314
35688
34713
35626
35773
35761
35771
35725
35772
34530
35748
34147
35765
35440
35707
35234
35742
32989
35752
35756
35729
33563
35395
35746
35315
35272
35194
35734
35478
35318
35717
35401
33989
33068
35740
34205
35723
35737
33300
33113
35724
35704
35683
32774
34994
35451
34972
35722
35541
34348
35711
35430
35715
35678
35514
35712
35368
35343
35331
35424
33253
34857
34802
35698
35279
35284
35679
33873
35543
34585
35549
35602
35654
35087
35433
35465
35469
35632
35670
35606
35079
35341
32926
35003
32830
35610
35648
35617
35579
34905
35662
32859
35540
33505
35663
35588
35642
35350
34658
35396
35214
35525
33013
35651
34992
35650
35260
35578
35635
35463
35645
35391
33415
34957
35503
35102
35556
35607
35636
35145
35599
35473
35633
35310
35576
35561
35305
35064
35127
35619
35612
35378
34978
35327
35299
33545
35166
35614
34150
34929
34141
35281
35019
35491
35605
34687
34997
34641
35483
35381
33246
35221
35601
35216
35571
35526
34598
35323
35455
35174
35569
35553
33169
35521
35587
35590
35512
35592
35303
34749
34676
35138
34782
35580
35585
35246
35573
35493
35498
35307
35185
35505
35125
35519
35359
34772
33929
35479
35328
35034
35432
34623
34554
35470
35438
35074
35496
35558
33027
35509
34455
35544
34967
35332
34980
35022
35453
35132
35324
34651
35535
35171
35427
35232
34896
35181
35527
34397
35508
34961
35447
35467
35313
35507
35499
35501
33412
35097
35471
35287
33365
34741
34848
34924
33637
34417
34537
35412
32398
35397
34966
35278
34108
35254
35422
33812
35458
35201
35165
33372
35418
35187
34721
35114
35337
35435
34351
34993
34386
35423
35421
35475
35223
35417
35250
34001
35329
35454
35004
35386
35403
35466
35146
35464
35150
35462
35434
35460
34633
35353
35457
35456
34087
35291
34995
35345
35452
35392
35394
35304
35348
35367
35092
35428
35010
32919
35445
34625
35280
35160
35134
35355
35025
35300
35377
33377
32969
35031
35420
35208
33442
35402
35222
35190
35357
35121
35186
35374
35415
35230
35416
34801
35414
34868
34766
34810
35363
32661
35366
35409
35406
35030
35235
35398
35233
35224
35399
35383
35211
35195
35292
33629
35117
34669
32613
35379
33376
35135
35385
34657
35387
35066
34394
35196
33567
35282
35276
35009
34759
35288
35028
33223
34654
32771
34925
35210
35076
35067
35364
35267
35339
34838
35069
35360
32834
33061
35344
35349
35285
33095
35325
35217
35200
35293
35017
35294
35330
35263
34490
35346
35094
34080
34953
33502
35239
33756
35333
34388
33829
34947
35093
35335
34483
34990
35334
35147
34551
35037
33677
35086
34936
35129
35220
34728
35227
34752
34984
35326
34581
35321
35320
35207
35033
34928
35298
33509
35155
35198
35295
34643
35226
35209
33861
33952
34858
35070
35054
34836
35262
34470
32775
35248
35167
35242
33799
35152
32936
35275
35286
35204
33840
35283
34517
34031
32448
35271
35268
35277
35249
35240
35229
35265
35269
35274
34574
35035
35258
35259
35266
35141
35113
33816
34827
35151
35053
35256
35228
35252
34419
33254
35038
35197
35184
35089
35013
35241
33329
35176
35101
34922
35218
34077
35231
34960
33931
34630
34722
35148
35024
35169
35159
34803
35143
35215
34795
35213
34586
35164
35212
35103
34036
34875
35183
34952
32938
34446
35105
33638
35203
34891
34844
35126
35006
33942
34811
33717
35140
34889
35170
35027
34692
35191
34448
35156
32673
35189
34104
32772
35098
34299
35124
35180
34917
32898
35172
35179
35116
33333
34555
34660
34872
35175
34793
35100
35173
32921
35149
35119
34034
35158
35144
34914
34387
35161
35120
34240
35041
35007
35020
34778
35157
33163
34091
35153
35055
33174
34590
35058
33572
33846
33074
35012
34648
35052
35118
33980
35139
35014
35062
34189
35136
34739
35133
35131
35051
34011
32939
35078
34831
34874
34998
34522
33862
35128
35068
33765
35046
33853
34935
34873
35109
34587
34546
33191
33454
34463
34939
34850
35082
35112
34950
34754
35110
35108
35059
34996
35106
32683
35104
34760
34750
34308
35091
34691
34959
35080
34649
33383
34954
35090
34012
35088
35011
34663
34626
34842
35075
35072
34487
35071
33362
34790
35043
34704
35065
34556
35057
35050
34982
35063
34861
34002
33958
34165
35000
35032
33998
34215
34410
35023
34847
34504
34734
34391
33969
35047
33222
34979
34539
34912
34494
33238
34817
35044
34717
35040
33045
32745
33983
34746
33351
34859
34582
34934
35002
35016
34845
34981
34680
33845
34962
34762
33919
33634
34813
34637
34344
34599
33156
34025
34731
33886
34986
34865
34776
34783
34971
35008
34893
34987
33889
33841
33472
34588
34751
33860
33400
34822
34180
34965
34956
34951
34686
33261
34903
34757
34701
34887
34679
34340
34497
33483
34919
34943
34918
34988
34674
34221
34983
33504
34977
34975
34562
34944
34974
34878
33387
34830
34593
33693
32966
34973
34662
33260
34812
34900
34824
34930
34037
34258
34370
34852
34932
32796
34225
34020
34964
34449
34600
33645
34027
33897
34963
34508
34806
34767
32703
34729
34955
33768
34825
34192
34742
34915
34613
33458
34841
34636
34763
33354
34465
33875
34735
34807
34931
33110
34375
34904
34718
34708
34851
34447
33422
34784
34089
34531
34920
34597
34352
34769
34837
33881
34884
33729
34279
34913
34799
34906
33184
34602
34761
34606
33759
33973
34839
34099
33586
33981
33500
34268
34820
34620
34033
34911
34758
33701
34684
34916
33760
34862
34230
32713
34777
33739
34832
34877
34907
34071
34575
34521
34732
34477
32470
33049
34047
34902
34550
34855
34408
34404
34804
34084
33073
33923
34869
34411
34897
34563
34796
34890
34880
34608
34624
34226
34882
33434
33240
34361
33933
34794
33641
34736
34431
34705
34116
33449
34883
33139
33517
34853
33851
34194
34219
34829
34843
33962
34653
33258
34849
34797
34840
34747
34317
34366
34863
34560
34815
34591
34864
34709
33591
34645
33874
34365
34740
34854
34716
34429
34771
34805
34764
34557
32957
34452
34816
32965
34211
34237
34846
34604
34785
33062
34834
32960
34833
34573
33196
34603
32518
34607
34733
34720
34798
32437
34395
34826
32468
33419
34635
34681
34677
34190
33207
32655
34632
34492
34528
34595
34173
34229
34251
33380
34439
34622
34044
34755
34400
33177
34737
34500
33921
34683
34800
34809
34270
34682
34791
34238
34467
34114
34074
34057
34609
34570
34462
34519
34484
34774
34672
33537
32610
34650
34670
34321
33863
34507
33964
34787
34646
33783
34788
34780
34186
34775
33791
34255
32856
34661
34117
34384
34287
33723
34479
33930
34514
34578
34727
34644
34770
34482
34068
34743
34471
33936
34324
34571
34659
34072
34738
34362
32609
34327
34549
34756
32854
34316
34753
34544
34724
34525
34748
33017
33838
33611
34414
34553
33733
34443
33044
34730
34464
34451
34726
34725
34700
33105
34715
32656
34112
34469
33197
34264
34611
33792
34710
33956
34167
34472
33894
34193
34516
34140
32406
33515
33403
34594
34008
34454
34707
34276
33705
34286
34208
34339
34665
34696
34703
34698
33831
34688
34559
34678
34697
34699
34120
32472
33754
34702
34694
34695
34652
34224
34666
34430
34693
33072
34655
33430
33593
34638
33985
34564
32400
33549
34003
34427
34131
34576
34359
34105
34355
34349
33494
34300
34673
34094
34619
34667
34656
34421
33375
32588
34664
34615
33690
33906
34596
34547
34402
32958
34583
34584
34179
34246
34088
33409
33801
32767
33937
34259
34639
33644
33456
34405
34488
34566
33802
34459
34122
34568
33167
34513
34425
34358
34420
34627
34631
33378
33440
32758
34278
34605
34552
34422
34424
33990
33735
34618
34617
33097
34079
34610
34213
33911
34580
34511
34063
33486
34029
34592
34151
33603
34304
32846
34466
34418
34415
34565
34285
34541
34343
34577
33098
34293
32912
33741
33530
32566
34432
34579
32750
34038
34572
33642
34515
34569
34437
32700
34567
34296
34536
33544
32913
33687
33618
33602
34206
34338
34274
34538
34363
34558
34143
34257
33928
33510
32825
34506
34250
33608
34335
34055
34540
32777
33927
34481
34312
34535
32581
33411
34403
33746
34532
33076
33429
33691
34260
34267
33310
34090
34275
34357
33755
34456
34202
33294
34284
34075
34356
34172
34529
34526
34303
33995
34379
33632
34350
34305
33215
34499
34004
34518
34371
34334
33312
33007
34163
33714
34512
33938
33779
34502
34310
34302
34212
34372
34295
33920
34476
33643
33948
33600
34498
34501
33856
34486
33070
34328
34124
34485
34176
34440
34478
33826
34475
32556
33859
33613
34248
34385
34389
33213
34203
34009
34416
34243
34018
33129
34409
33145
33974
34399
33994
34436
33926
33885
34473
34121
32829
33669
34412
34175
34441
34428
34461
34111
34457
34392
34263
34460
34453
33917
34178
33940
33763
34309
34067
32869
34307
34323
34256
33857
34333
33059
34046
34434
34010
34398
34380
34413
34247
33780
33371
32597
33670
34426
34381
34132
33659
33684
34223
33093
34135
34201
34239
34265
33834
34406
34159
34378
34026
34393
33476
34401
33806
34390
33462
33206
33360
34342
33152
33771
34171
34235
33757
34383
34035
34332
32436
33491
34195
33195
34374
34101
34144
32927
33232
34129
33149
34376
34368
34161
33525
33712
34346
33598
34345
34232
34289
34262
33892
34319
34050
34326
33758
33000
34282
34325
34156
33646
33522
34353
33774
34228
33099
34023
32974
34341
33318
33698
34336
34337
34329
34242
34330
33954
33951
33301
32567
33627
34187
34306
32550
34234
34277
33678
34110
33212
34313
34322
33738
34318
34320
33085
34162
33976
34078
34311
34049
34301
34253
33728
33609
34266
33924
34000
33821
32950
33621
33426
34107
32716
34127
32717
34280
32403
33865
32508
33578
34298
33991
34297
34288
34198
34272
33568
34292
34290
34061
34291
33727
34053
33111
33562
34283
33900
34281
34148
33503
34217
33084
34169
34261
34241
32784
34214
33597
34092
33199
33622
34109
32723
33707
34207
33789
34200
34249
34210
33573
34245
34244
33540
34139
34005
33667
34014
33271
33950
33675
34199
34218
34030
34236
34196
34231
33902
34153
33888
34227
33747
34220
32438
33397
34166
34216
34197
34128
33010
34204
34209
33908
33599
34188
33925
32990
34170
34060
33601
32486
34154
33255
32887
32968
33138
34115
33356
33939
32908
34100
33904
34191
34185
34149
32792
33556
34184
33786
33689
33918
34182
34083
34181
33947
34152
32741
33526
34174
33171
33218
33444
33912
33814
34168
34103
34102
34158
33528
33752
33694
33465
34066
33996
34160
34146
32551
33775
33887
34155
34142
33697
33633
34136
33907
34051
33529
33546
33467
33909
33934
33721
34081
33012
34042
33479
34093
33461
32504
33570
34133
34069
32718
33251
34085
34137
33681
34052
32888
33731
33543
34130
32769
32607
34113
33676
34126
33984
32794
33673
34118
33764
34017
34054
33410
33914
33571
33855
33345
33161
34106
33836
33166
33825
34015
33672
34097
33032
34096
32420
34095
33547
33968
34076
33749
33957
33355
33993
33344
34086
34041
33797
33466
32849
33893
33832
33274
33661
34062
33030
34032
33455
34073
33668
32853
33147
33662
34058
33173
33872
34048
33185
34056
34024
33805
32893
33730
33626
34045
33997
33898
32961
33953
33658
33699
33979
34028
34040
32762
33654
33955
33959
33250
33708
33182
34016
33594
33967
33459
34022
34021
33915
33270
34019
33508
33785
33762
33457
33895
32946
33986
33978
33946
33463
33987
34013
34006
33657
32662
33866
32836
34007
33399
33674
33700
33736
33050
33275
32721
33228
33441
33264
33961
33287
33837
33534
33094
33839
33286
33972
32773
32937
33977
33200
33808
33796
33970
33971
33773
33133
33612
33179
33877
33963
33209
33843
33870
33423
33949
33818
33787
32909
33711
32956
33203
32709
33279
33945
32743
33353
33135
33793
32996
33790
33395
33751
33922
33703
33647
33100
32911
33884
32543
32824
33784
32816
33726
33910
33916
33824
33239
33428
33890
33770
33031
33766
33903
33899
33722
33720
33284
33782
33035
33614
33850
33871
33817
33868
32929
33696
33858
33891
32894
33869
33585
33625
33878
33882
33235
33852
33116
33883
32587
32740
33704
33823
33615
32933
33117
33263
33438
33844
33864
33451
33306
33112
33842
33471
33732
33420
33854
33323
33398
32641
33847
33128
33192
33827
32871
33795
33804
33737
33750
33761
33800
32953
33288
33835
33830
33820
33822
33340
33474
33432
32462
33224
33781
33024
33810
33809
32805
33221
33297
33819
32614
33807
33815
33813
33776
33041
33753
33777
33803
33788
33548
33794
33798
33298
33605
33364
33724
33003
32998
33053
33778
33157
33680
33142
33290
33506
33772
33706
33620
33769
33327
33767
33740
33033
33718
33695
33446
33341
33521
32944
33742
33709
33584
33748
33619
33745
33744
33247
33743
32881
33679
33649
32955
32483
33710
33350
33702
33664
33347
33470
33150
33489
33418
33227
33651
32918
33639
33716
33715
33237
33713
33482
32402
32835
33692
33069
32962
33665
33655
33119
33026
32477
33653
33066
33324
33408
33063
33648
33683
33685
33688
33499
33686
33553
32697
33640
33480
33487
33313
33523
33610
33225
33671
33498
33663
32806
33660
33519
33656
32874
33652
33542
32431
33554
32779
33469
33473
33624
33257
33379
33635
33497
33628
33631
33267
33202
33425
32712
33557
33054
33244
33311
32591
33616
32514
33315
33606
33384
33319
33520
33604
33607
33588
32592
33015
33587
33595
33285
33303
32554
33269
33447
32471
33452
33493
33361
32801
32901
32985
33579
33331
33532
33581
33055
33583
32547
33406
33577
33527
33576
33575
33574
33083
32618
33569
32699
32986
32885
32622
33538
33566
33023
33565
33124
33541
33559
33282
33028
33555
33518
33453
33539
33552
33366
33308
33445
33535
33448
33087
33468
33531
33386
33439
33536
33289
33427
33450
32902
33478
32942
32664
33484
33485
33495
32789
33488
32925
33405
33490
33516
33230
33368
33046
33512
32668
33475
33496
33437
32574
32495
33481
33060
32528
33477
33369
33390
33272
32692
33278
33051
33358
33020
32506
33404
32932
32487
32923
33460
33373
32724
33464
32904
32720
33436
32861
33309
33168
33414
33417
33328
32764
33277
32639
33416
33122
32781
33435
33443
33433
33141
32877
33431
33396
33292
33421
33089
33367
33305
32688
33381
33407
33071
33402
32797
33346
33036
33393
33401
33394
32756
33126
33322
33389
33160
33180
32763
33359
32778
33231
33266
33363
32947
32972
33338
33370
32770
33296
33090
33183
32976
33158
33302
32624
33339
33153
33293
33268
32863
33349
33165
33080
32954
33077
33132
32394
32579
32747
33343
33334
33316
32995
33038
33336
32455
33330
33337
33332
32615
33314
32766
33131
32889
32870
33325
33299
32637
32978
32519
32583
33304
33276
33281
33265
33136
33259
33295
32883
32900
33155
32642
33249
32435
33245
33120
32826
33283
32559
33280
32878
32983
33252
32520
33273
32793
33201
32690
32860
33243
33143
33216
32848
33058
33262
33102
32536
32931
32993
32899
33226
32473
33248
33256
32903
33242
32782
32727
33172
33115
32746
33134
33214
32529
32997
33210
32951
33211
32409
32464
33236
32839
33175
33229
32837
33006
33208
32439
33107
33109
33144
33220
33204
33040
33176
33154
33114
33205
33189
33014
33194
33092
33039
33198
32526
33029
33190
32973
32680
33123
32414
32823
33181
32728
32935
32564
32987
33178
32799
32991
33148
33121
32731
33170
32831
32895
33162
32910
32521
33079
33137
33151
33146
33086
33067
33057
32979
33140
33065
33096
33037
32476
32679
32510
32980
33130
33108
33127
32752
33125
33001
33021
32729
33118
32964
32768
32977
32905
33075
32761
32670
33106
32808
33043
32852
32916
33011
33104
32906
32657
33101
32999
33088
33052
33042
32872
32940
33081
33078
32920
32674
32735
32553
32970
32600
33048
32493
33056
33047
32862
32795
32704
32924
32714
32730
32949
32868
33025
32517
33018
32447
32930
32892
33009
33019
32804
33016
32821
32981
32886
32827
32959
32667
32650
33004
32988
32952
32941
32994
32915
32710
32570
32943
32984
32982
32928
32732
32890
32882
32971
32879
32765
32922
32847
32967
32963
32914
32876
32593
32884
32691
32505
32948
32643
32858
32633
32595
32945
32719
32577
32675
32783
32791
32891
32754
32678
32701
32739
32426
32753
32538
32896
32751
32851
32687
32787
32907
32867
32676
32842
32698
32864
32838
32798
32396
32880
32788
32873
32875
32725
32818
32424
32866
32785
32488
32780
32833
32855
32817
32557
32790
32844
32711
32421
32820
32845
32694
32544
32501
32841
32843
32441
32802
32572
32828
32586
32840
32631
32450
32832
32807
32560
32819
32813
32428
32606
32715
32635
32612
32815
32811
32814
32590
32677
32812
32776
32809
32810
32707
32659
32803
32800
32649
32617
32736
32708
32456
32755
32733
32734
32619
32498
32759
32454
32638
32757
32706
32479
32522
32684
32653
32693
32682
32760
32626
32513
32749
32442
32416
32695
32748
32509
32627
32742
32648
32738
32524
32651
32623
32598
32621
32681
32584
32726
32412
32702
32696
32481
32705
32628
32429
32685
32666
32652
32585
32636
32689
32616
32671
32537
32672
32494
32669
32408
32459
32663
32405
32568
32576
32599
32665
32660
32499
32634
32419
32654
32565
32422
32647
32608
32601
32644
32645
32646
32548
32444
32625
32451
32640
32555
32632
32630
32629
32611
32418
32578
32552
32573
32430
32602
32605
32500
32596
32594
32563
32463
32491
32530
32580
32582
32562
32542
32575
32461
32527
32496
32512
32561
32549
32546
32502
32558
32539
32545
33342
32541
32535
32534
32533
32532
32490
32531
32507
32503
32484
32446
32511
32516
32434
32395
32485
32458
32417
32492
32489
32474
32433
32480
32478
32465
32407
32475
32467
32466
32460
32404
32432
32457
32440
32453
32449
32443
32427
32423
32425
32415
32411
32410
32401
32399
32397