5233485
5237178
5394314
5371837
5324872
5394315
5092684
5217147
5262010
5404864
5322758
5407041
5426811
5265795
5225031
5436893
5257978
5218589
5402975
5265794
5180954
5420121
5346826
5436889
5353231
5255093
5298221
5111995
5436888
5265790
5411229
4939334
5412985
5434130
5222255
5418611
4853804
5373343
5187680
5091873
5308360
5436895
5292165
5436891
5436894
5436887
5434136
5434134
5434135
5434133
5434132
5434131
4856400
5434129
5196938
5434128
5431710
5411221
5434127
5424956
5216056
5431711
5431714
5426809
5431706
5431709
5431707
5431713
5431705
5429491
5420120
5278890
5429488
5429490
5429489
5228390
5251502
5429487
5429486
5429485
5429484
5429483
5426813
5421552
5426808
5335704
5426806
5359372
5426807
5424954
5330584
5420129
5423362
5424950
5373341
5424948
5423368
5222636
5424947
5407044
5423369
5342271
5423366
5423365
5287030
5423364
5423361
5238575
5421558
5412978
5421557
5391046
5411225
5283056
5421556
5420127
5328958
5357218
5366439
5421559
5420122
5420124
5357217
5421550
5409155
5418616
5421551
5420126
5420125
5418615
5420123
5398089
5354887
5354883
5412977
5396082
5420128
5398096
5404858
5412980
5418614
5414708
5418613
5418612
5411228
5392586
5349043
5370240
5418608
5418610
5418609
5294265
5416922
5262013
5418607
5416919
5416918
5416920
5416917
5416921
5416916
5402968
5411226
5402973
5414711
5414705
5416914
5371833
5391050
5414714
5414712
5414710
5414709
5414713
5414707
5414706
5412984
5187677
5194358
5391044
5412982
5351074
5412981
5310142
5412979
5314716
5412976
5411227
5409153
5394321
5361821
5411224
5411223
5409154
5411222
5409152
5394317
5409150
5409151
5193005
5409156
5409149
5363424
5332799
5409148
5409147
5407045
5407043
5407042
5300112
5407040
5407039
5407038
5363416
5407037
5407036
5404860
5283065
5219567
5404866
5322754
5402976
5214757
5404865
5400289
5371838
5404867
5404862
5404861
5400294
5396088
5404859
5402977
5359370
5402974
5388746
5402972
5402971
5402970
5402969
5400298
5396087
5195240
5400297
5400296
5392591
5400295
5303562
5115596
5382623
5400291
5400292
5366446
5238573
5400290
5398091
5400293
5398092
5364778
5364775
5398095
5305089
5398094
5398093
5398090
5351067
5398088
5398087
5308357
5378149
5396086
5396085
5366445
5396083
5396084
5330580
5396081
5396079
5396080
5394323
5394322
5330581
5394319
5388749
5391052
5392589
5096278
5388748
5153735
5394318
5359373
5388752
5394316
5392590
5112074
5384007
5394320
5392592
5392603
5229386
5392588
5351078
5385460
5387330
5392587
5298218
5392585
5342273
5308355
5391048
5392584
5316420
5391049
5391047
5385463
5391053
5391045
5391051
5292171
5387332
5388750
5388747
5368262
5387334
5359375
5303565
5388751
5388745
5388744
5388743
5385461
5385457
5387331
5384010
5387328
5387329
5387333
5387327
5379711
5387326
5387335
5385462
5385464
5385459
5381133
5384016
5385455
5385458
5385456
5359366
5382617
5384015
5327222
5314719
5384014
5378147
5382621
5384013
5384011
5384012
5382619
5384008
5384009
5382625
5375150
5382624
5344669
5382622
5382620
5382636
5373348
5382618
5357220
5378156
5381131
5381132
5381135
5379708
5381136
5381134
5354888
5378152
5381130
5375148
5381129
5376679
5376670
5381128
5375151
5381127
5363418
5379716
5351064
5379715
5379714
5379712
5115057
5379713
5344673
5378154
5379710
5254360
5379707
5357222
5378155
5368265
5378153
5366447
5327224
5378151
5376672
5378150
5373347
5357221
5361814
5376678
5373346
5303558
5283406
5376677
5376673
5376676
5376675
5376674
5376671
5375147
5361818
5092500
5375152
5375154
5375153
5375149
5322750
5294264
5371836
5375145
5344672
5368266
5342274
5344666
5373349
5301825
5373359
5373340
5306776
5296594
5373345
5373342
5371840
5371835
5371842
5298215
5253386
5371841
5371839
5370241
5370244
5371834
5363421
5252432
5268271
5338006
5241033
5159414
5370245
5301822
5368261
5370247
5311953
5363425
5327228
5370239
5370243
5370246
5370242
5187216
5262007
5370238
5368264
5368263
5363417
5368267
5368258
5332798
5327221
5202540
5346834
5364783
5328959
5368260
5368259
5366440
5351082
5366444
5308363
5366443
5366442
5353223
5298213
5366441
5330585
5366438
5364782
5364784
5321018
5364781
5364780
5364779
5346831
5180568
5364777
5225633
5364776
5316416
5353226
5322752
5363419
5363423
5363422
5349047
5363420
5233490
5357226
5361820
5314721
5353224
5361813
5361816
4912947
5354891
5359369
5359371
5361815
5294271
5359374
5359367
5122311
5351076
5361817
5361819
5359368
5357225
5324869
5330582
5361812
5346829
5354886
5339989
5357224
5353225
5342270
5357223
5241037
5238569
5357219
5332804
5346832
5354889
5354890
5354885
5324870
5354884
4929123
5354882
5346828
5353230
5353229
5353228
5339992
5353227
5310146
5114948
5353222
5332805
5342278
5351068
5349044
5236380
5191373
5351066
4929025
5296589
5351079
5254355
5318560
5351065
5268272
5349045
5344670
5349038
5283414
5349046
5349042
5283662
5349040
5349039
5300109
5346833
5308361
5300111
5344665
5346830
5346827
5301819
5346825
5321017
5344671
5332801
5344667
5217148
5305098
5303557
5269988
5301826
5145202
5318586
5344674
5342276
5277132
5335703
5271757
5342279
5229385
5342277
5335698
5342275
5338008
5330578
5342272
5321015
5273768
5318568
5339994
5339991
5339985
5339988
5220777
5339993
5339986
5338009
5338007
5335701
5338005
5338003
5338004
5338002
5306771
5301818
5328960
5327229
5321016
5338001
5335705
5335707
5232516
5335706
5335702
5305091
5335700
5310141
5332802
5335699
5332803
5314717
5239732
5332800
5288625
4886039
5277119
5217149
5332796
5280333
5298220
5301820
5330583
5195236
5330579
5330576
5328965
5322756
5248646
5327225
5328964
5296593
5324868
5306777
5318561
5328963
5328962
5318566
5328961
5321020
5303560
5328957
5294266
4855421
5327230
5306774
5327227
5301821
5327226
5311958
5327223
5322751
5324873
5250663
5324871
5182825
5324867
5252429
5324865
5324864
5235618
5322757
5316412
5322753
5311951
5322755
5314723
5321013
5321023
5321019
5283057
5172996
5316414
5318567
5321014
5321012
5318562
5268279
5318564
5219566
5318565
5318563
5311955
5277130
5308362
5305092
5316419
5223548
5306775
5316421
5310143
5316418
5230268
5316415
5316417
5232511
5314722
5314720
5292170
5314718
5292168
5311956
5277121
5292172
5314715
5311957
5122495
5310147
5314714
5311952
5311954
5311950
5303561
5308364
4856237
5310144
5310150
5311949
5310145
5200976
5308356
5283407
5306778
4926461
5194092
5187395
5305093
5231515
5308359
5298217
5290267
5278894
5249748
5308358
5306773
5303563
5306769
5306770
5251498
5306772
5287027
5305096
5305097
5092498
5305095
5300107
5305094
5278891
5303564
5294267
5305090
5249750
5292166
5303559
5303566
5301824
5256175
5301823
5239740
5256174
5288632
5252430
5301817
5275365
5300108
5287028
5251504
5290264
5269987
5300110
5277133
5275367
5300106
5287031
5271758
5273769
5238577
5300105
5298214
5300104
5238571
5288631
5268277
5294270
5300103
5298219
5249747
5298216
5296591
5296596
5298212
5290266
5296595
5292169
5296590
5253383
5252426
5294273
5296592
5254353
5181185
5296588
5268273
5296587
5294272
5292167
5294269
5236374
5294268
5268275
5107333
5292173
5257972
5287032
5280330
5117737
5252423
5260228
5248655
5283058
5292164
5287026
5255098
5288633
5283656
5290262
5290263
5218593
5231509
4924908
5290265
5280328
5290261
5126816
5290260
5288629
5290258
5238574
5290259
5193244
5288634
5283415
5187954
5222628
5288630
5283411
5288627
5280329
5288628
5287034
5288626
5283659
5287033
5287035
5287029
5268274
5241036
5283660
5121583
5283661
5278895
5283408
5283663
5269990
5249746
5271754
5265787
5283658
5283665
5230264
5283657
5249751
5283664
5283413
5278897
5283412
5265789
5221546
5283410
5283060
5283409
5265791
5277115
5283061
5183113
5283064
5277116
5280331
5283063
5273767
5283062
5120169
5275368
5229388
5283059
5277117
5280335
5280327
5239739
5280334
5273763
5278896
5251500
5280332
5268270
5145342
5278898
5112004
5280326
5153731
5130270
5233487
5275374
5277118
5269982
5278893
5278892
5145341
5273764
5260226
5235028
5278889
5218591
5277120
5271760
5275371
5275372
5275370
5202546
5275373
5271756
5254356
5264188
5249749
5269984
5275369
5237173
5269985
5275366
5160504
5094206
5273766
5248654
5273762
5181315
5226699
5269989
5273765
5268276
5265792
5273761
5273760
5271759
5271761
5226695
5181192
5257974
5265788
5271752
5271755
5264190
5271753
4932698
5122163
5269986
5194356
5268278
5228392
5264191
5248649
5269983
5270001
5237170
5262012
5239734
5257980
5218590
5260225
5157338
5262016
5248650
5265793
5230263
5264194
5092107
5201300
5265786
5262009
5264193
5256176
5223549
5255101
5264192
5264195
5235622
5238570
5118159
5249754
5262014
5256178
5225629
5264189
5250662
5264186
5227560
5200971
5094203
5264187
5187947
5252428
5228389
5221544
5256180
5234275
5262015
5262008
5260227
5262011
5231516
5255102
5256181
5260230
5187952
5094208
5260221
5260229
5182571
5251503
5260224
5214751
5118132
5260222
5260223
5250660
5221552
5257981
4892829
5257979
5257976
5257977
5256173
5255097
5257973
5226692
5254362
5236376
5156085
5256179
5122367
5130268
5228396
5114854
5178260
5256177
5256182
5200703
5254358
5253385
5253391
5248648
5237175
5253392
5120167
5255100
5231510
5114696
5255099
5222257
5251505
5223547
5201304
5255096
5241035
4855047
5253387
5255095
5253389
5241030
5230269
5233491
5157333
5254357
5255094
5254361
5254359
5253390
5196939
5252431
5202538
5235029
5254354
5236378
5241032
5120049
5231508
5222251
4855425
5253388
5214756
5232512
5252427
5180386
5253384
4881140
5250657
5252425
5252424
5164941
5229383
5251501
5250664
5250659
5251499
5251497
5159192
5251496
5235621
5250665
5250658
5193001
5249755
5130256
5234276
5232518
5227558
5250661
5250656
5235025
5249752
5249753
5241031
5225035
5111920
5156861
5239738
5248647
5248653
5236379
5239733
5153732
5248652
5241034
5225036
5248651
5202544
5136731
5216050
5239741
5241028
5230270
5160498
5241029
5237172
5126814
5235032
5239737
5239735
5239736
5187684
5231507
5192657
5237174
5102854
5238576
5238572
5238578
5237176
5236375
5226696
5173849
5237169
4874356
5237177
5180758
4909400
5236373
5237171
5201307
5164700
5235616
5183110
5122496
5187220
5235620
4861475
4939330
5236381
5182824
5236382
5092688
5214752
5156084
5236377
5235031
5235623
5160727
5092218
4939066
5234282
5228391
5235027
5143650
5235619
5216051
5187518
5235615
5235617
5234279
5235614
5235026
5232517
5235042
5234274
4854645
5192997
5235030
5230266
5229381
5234278
5218588
4881193
5194353
5234281
5157336
5235024
5234280
5100992
5232520
5233486
5200977
5220778
5216053
5227559
5218585
5216057
5234283
5378148
5234277
5115597
5222253
5172997
5222249
5233492
5091946
5194518
5233489
5233493
5186483
5115598
5225632
5233488
5225628
5182565
5229387
5233484
5187949
5202542
5217143
5231514
5232519
5180388
5232515
5222629
5227562
5172853
5193243
5228387
5230265
5232514
5229389
5232513
5196936
5103126
5181591
5228393
5231512
5193605
5202121
5196931
5222632
5229390
5231513
5227557
5231511
5230261
5219569
4881875
5225032
5202539
5230267
5193603
5118133
5115061
5169092
5173101
4932577
5223544
5186480
5118136
5092319
5230262
5223546
5228395
5165090
5222250
4913520
5225631
4925254
5169144
5181396
5229384
5194359
5229382
5228388
5228394
5169139
5227561
5223540
5227564
5178929
5221549
4881190
5227566
5227563
5226693
5227565
5222635
5225636
5226690
5225034
5182832
5225630
5214755
5225029
5226697
5226694
5226698
5226691
5222633
5225028
5219571
5225647
5181589
5216052
5118243
5160731
5100990
5122433
5225635
5225030
5225634
5106304
5221551
5225033
5220784
5220780
5181596
5222634
5181595
5222637
5194086
5223541
5136725
5225037
5222630
5223542
5223543
5181309
5187218
5223545
5180569
5195237
5191374
5187946
5221543
5217146
5222631
5194519
5214749
5202543
5105380
5222252
5164481
5222256
5100141
5164703
5222254
5220783
5221550
5164701
5220782
5222248
5202125
5201302
5218592
5221545
4917482
5221548
5214754
5221547
5122364
5214750
5187389
5172994
5187822
5201299
5200701
4873729
5220776
5114951
5096275
5200705
5219574
5220775
5118162
5182831
5217150
5120400
5193602
5220779
5220781
5118272
5135480
5145201
5145340
5197100
5216049
5219573
5178925
5173778
5218584
5219572
5180960
5219570
5216054
5164482
5219568
5214748
5200968
5219565
5217144
5178631
5094205
5218586
5218587
5217142
5217145
5200700
5115060
5187224
5156083
5194516
5194514
5193242
5180959
5217141
5195232
5187825
5194361
5216058
5216055
5149085
5202119
4905511
5107336
5200706
5169093
5115177
4901568
5169090
5195233
5202541
5160501
5178634
4863405
5214753
5114620
5201301
5201298
5173851
5202545
5202547
5202118
5193237
5194512
5201306
5202127
5202126
5200702
5200974
5183107
5202124
5122305
5202123
5130262
5202122
5202120
5118130
5194357
5092439
5180384
5200973
5194521
5201305
5121146
5200975
5165329
4939359
5118437
5120469
5200969
5195238
5193238
5200699
5112000
5200972
5200970
5180754
5200704
5195241
5196932
5200707
5194089
5196937
5196933
5193598
5122172
5197109
5200698
5197107
5114730
4874527
5197108
5197106
5192656
5197105
5197104
5192650
5180391
5181590
5197103
5197102
5122492
5122365
5178633
5193606
5197101
5194520
5194093
5181593
5196935
5196934
5180566
5117650
5196930
5193245
5194091
5098544
5187824
5195239
5183112
5195235
5195234
5194088
5180387
5118131
5159131
4939362
4876584
5180953
5194517
5192652
5156856
5191372
5192655
5194515
5156087
5193599
4854639
5194513
5164486
5194360
5187386
5173103
5193000
5178258
5112068
5194355
5159416
5126772
5164706
5187820
5156080
5192658
5193601
5194094
5180755
5194354
5181312
5194352
5192998
5114851
4905828
5194087
5173846
5169142
5191369
5180958
5092434
5164827
5193604
5120012
5194090
5187818
5192651
4876454
5181592
5193004
5191371
5194085
5173781
5136724
5193600
5160730
5130267
5191367
5120172
5186477
5193597
5193246
5114949
5187393
5173097
5187679
5193240
5193239
4900880
5181392
5187817
4925251
5118247
5193003
5180962
5180955
5187223
4874044
5169136
5187522
5178926
5191370
5192659
4939920
5187816
5192653
5192654
5143661
5191368
5180252
5187390
5186475
4926462
5187683
5191366
5126827
5191365
5187953
5178923
5183109
5187951
5187950
4879877
5187948
5187955
5180390
5155241
5173002
5187823
5182826
5187821
5180245
5187819
5165093
5096000
5173847
5187222
5169145
5181393
5173699
4911790
5187678
5187685
5180249
5182572
5180247
5187525
5181310
5180246
5180762
5187682
5159415
5187523
5182827
5102847
5092495
5187681
5181316
5187519
5120467
5187676
5169018
5187524
5178632
5183108
5187521
5187520
5183104
5187516
5181190
5187517
5186476
5180563
5172847
5182564
5118134
5143649
5187394
5187391
5187392
5182830
5120009
5182566
5178932
5180389
5187388
5149090
5115600
5187387
5180956
4885806
5187221
4905826
5187225
5186478
5187219
5183105
5157332
5126773
4925012
5187217
4885972
5115176
5186479
5186474
5186482
5160833
5186481
5159195
4939919
5096277
5181391
5182833
5183111
5121756
5146897
5173698
5183106
5160834
5121592
5181397
5182828
5182829
5181395
5180572
5180753
5172852
5160505
5182573
5182570
5182569
5182568
5182567
5180756
5181594
5181597
5115260
5180244
5180392
5181313
5181394
5181588
5181311
4909395
5120364
5169140
5103129
5121587
5180757
5164702
5165092
5181390
5181389
4868284
5181388
5181317
5173844
5160736
5181314
5157335
4935397
5097363
5180761
5181191
5164488
5120003
5118244
5181188
5181308
5126738
5130740
5156079
5173775
5181189
5181186
5181187
5181183
5181184
5149810
5180961
5180957
5130258
5180570
5159136
5180760
5180759
5164480
5117738
5103130
5156862
5180571
5091952
5092216
5180565
5173094
5172845
5126823
5092599
5178630
5159132
5169091
5180567
5092729
5111999
4854640
5180564
5107438
5173100
4910273
5149808
5180383
5165097
5107334
5160516
5130271
5155248
5145197
5159137
5172998
5180385
5180250
5159189
4932699
5180243
5180251
5178259
5180248
5178635
5169019
5091722
5178262
4913003
4911739
5178636
5178931
5178930
5178264
4900798
5178928
5164825
5178927
5173853
4939594
5178924
5169087
4880101
5178628
5145338
5172999
5178261
5178266
5172995
5160832
5178265
5178629
5173701
5156854
5178627
5173850
5173776
5169143
5169088
5121149
5178263
5126737
4916039
5173697
5173703
5178257
5173096
5115327
5173780
5173852
5173700
5173848
4901264
5173783
5115601
5164822
5173845
5173782
5121760
5164704
5130254
5117657
5173777
5173779
5121588
5173702
5173774
5092062
5165322
5164709
4901018
5160827
5169016
5160500
5173696
5173695
5173694
5169022
5173102
5117658
4911744
5156860
5173099
5111997
5156088
5160729
5173000
5173098
5173095
5173003
5173001
5172849
5098551
5164708
5169137
5135478
4854642
5169141
5159193
5169089
5164826
5095355
5165320
5164707
5115599
5120394
5172848
5172851
5159135
5172846
5135484
5121754
5120052
5160829
5172844
5149803
5118239
5169095
5159197
5172850
5169025
5126771
5092105
5159412
5169017
5145198
5126740
5094207
4911741
5102855
4876158
5169138
5160733
5157334
5169094
5160828
5164943
5122312
4905527
5169086
5165321
5164820
5169020
5169024
5169023
5169021
5160728
5149082
5165326
5165327
5165325
5165323
5165324
5118135
5153739
5164483
5165099
5165096
5114626
5165095
5165098
5165091
5145344
5121586
5120401
4868624
5126824
5130744
5165094
5164944
5164946
5160499
5122363
5120134
4869277
5164948
5164959
5164947
5164945
5107456
5126811
5164942
5117655
5164940
5160835
5164829
5164828
5149807
5121591
5164824
5164823
5159134
5121144
5164821
5117649
5156082
5155247
5115331
5164484
5130280
5164489
5122167
5136726
5146898
5097371
5122435
5164487
5106308
5164485
5126711
5159410
5160836
5126821
5157340
5156857
5159411
4929024
5092724
5160831
5160830
5111924
5160497
5160734
5160735
5160732
5122303
5160503
4943592
4939819
5126717
5160502
5130275
5091949
5159409
5156086
5100146
4909124
5159413
5126817
5159190
5146906
4939246
5159408
5159194
4917888
5156863
5118160
5107441
5114945
5153740
5130273
5115063
5118342
5100993
5115183
4901019
5130269
5100999
5159133
5136729
5092109
5156855
5145205
5153736
5159129
5159130
5157339
5159128
5157337
5153737
5091789
5118432
5157331
4939824
5130278
5155243
5118346
5156859
5156858
5153734
5092499
5130265
5126736
5122434
5122168
5149806
5149804
5155246
5156081
5149086
4916752
5092686
5155240
5103127
5155245
5155244
5135483
5143656
5149809
5145345
5146899
5155239
5149801
5126720
5155242
5153738
5121757
5130745
5107329
5130737
5153733
5149088
5146901
5096273
5149081
5149802
5095351
5149083
5092728
5149805
5146902
5149087
5130259
5094199
5126731
5149089
5130277
5102851
5149084
5115603
5130266
5126828
5145346
5130738
5117653
5130264
5130274
5145206
5146905
5146903
5126734
5130272
5146900
4916748
5120164
5130253
5145343
5092104
5092690
5145199
5145339
5120369
5143652
5145203
4932353
5145337
5120011
5120166
5145200
5145204
4912509
5115334
4905510
5143655
5091598
5118273
5120006
5126774
5114735
5143653
5121589
5143654
5126819
5130276
5143651
5114739
5103128
5121590
5126780
5117654
5105379
5143648
5105865
5136730
5107437
5118246
5122491
5136728
5126830
5135485
5130743
5118348
5136727
5136722
5135497
5136723
5118343
5130260
5135486
5114732
5135482
5117732
5135481
5130741
5130263
5135479
5118344
4911906
5130746
5130742
5130282
5126822
5126779
5130739
5105868
5126777
5130281
5120464
5122370
5130279
5091786
4911908
4932357
5120138
5126714
4939922
4900886
5130261
5107442
5130255
5120370
5097370
5122490
5107440
5122441
5130257
5114733
5122310
4939926
5121151
5105867
5122439
5126712
5126829
5120045
5121148
5097367
5118138
5122308
5122304
5118242
5120137
5126826
5126825
5118137
5114738
5126716
5118340
5121150
5126820
5095349
5121147
5126818
5112070
5120010
5103124
5126713
4912703
5115059
5120371
5126815
5114950
5126813
5126812
5126778
5106303
4939247
4939923
5121584
5122432
5114623
5126775
5126732
4912518
5126776
5114947
5107328
5092596
5126733
5126735
5100991
5120368
5122368
4910266
5111917
5121143
5122489
4909277
5126719
5126718
5126715
5098547
5118167
5121762
5120367
5121585
5120471
5115263
5115602
5120044
5120393
5114953
5118430
5092493
5122493
4901564
5118269
5122494
5122440
4909394
5122488
4881873
5122487
5105372
5106307
5122437
5122438
5105870
5122436
5100994
5122372
5121755
5117735
5092438
5122371
5118248
5118276
5122369
5114627
5115178
5114691
5114622
5111918
5122366
5122165
5111996
5122309
5120051
5092502
5117652
5122306
5111921
5122307
5114857
5114858
4853647
5122164
5112003
5120470
5120365
5120395
5122171
5121753
5122170
5122169
5102849
4925252
5121761
5122166
4932356
4873727
5121152
5121759
5091785
5121758
4911789
5092433
5092316
5115604
5102856
5118241
5120472
5103749
5092601
5120141
4879976
4939827
5120047
5120140
5120005
5114625
5120465
5115595
4939592
4934180
5117733
5114952
4852745
5098549
5111998
5121145
5117729
5120170
5114694
5120466
5120468
5118245
5092314
5120463
5092727
5120399
4939380
4928276
5120398
5120402
5106310
5120397
5120396
5120372
5115330
4880217
5120007
5120366
5120171
5120142
5117731
5118438
5120363
5120050
5120168
5118436
5120163
5091878
4939381
5095357
5120135
5115262
5120165
4900795
5092437
5118345
5120139
5117734
5118434
5118433
5120046
5120043
5120136
5120133
5120048
5115332
4920360
5118435
5120004
5111915
5114628
5092214
5118347
5118431
5091874
5091791
5118429
5118240
4922327
4855418
5118341
5091879
5118339
5114736
5118278
5118164
5118277
5118274
5105862
4911904
5092313
5118161
5118270
5100998
5105378
5095358
5095994
5112069
5115257
4939331
4905507
5117736
5095999
5118168
5118166
5118165
4922332
5118163
5115326
4939820
5115056
4886839
5103746
5118129
5114698
5115259
5092061
5115329
5114737
4879882
5115261
5105376
5114629
5114624
5091312
5115062
4854229
5117656
5114853
4881329
5112071
5117730
4856509
4873728
5115175
5115325
4881874
4909123
4912908
5117651
5112066
5092386
5112001
5114946
5115179
5115058
5115333
4909427
5092321
5115255
4929027
5115328
5114692
5115264
5115256
4856409
5091721
5115258
5103744
5105863
5115064
5115184
5114859
5115182
5091601
5115180
5115181
4925257
4932702
4916792
5102850
5092220
5112065
5115055
5091843
5114954
5091850
5114852
5103121
4939596
4939595
5107439
5114734
5092436
5114855
5114856
4925008
5114697
5100995
5091787
5114850
5107327
5114695
5114699
5114731
5114690
4901016
5114693
5091947
4874380
5114621
5091848
5092497
5102848
4881186
5112073
5112072
5111919
5112002
5097368
5105869
5100142
4935400
5111923
5096279
5111922
5111916
5091847
5098545
4939590
5107335
5096280
5092442
4939335
4916036
5097366
4901560
4927992
5103123
5092317
5092059
5091845
5107444
4900883
5107455
5107443
4935404
4880097
5092687
5107332
4935405
5105375
4856506
4911745
5092106
4925017
4900797
5107331
5091311
5106306
5092391
5107330
5106309
4874357
4868623
5103747
5106305
4932706
5092593
5092320
5092594
5100143
5095996
5105864
5105371
4881187
4910265
5106301
4879978
5105866
5105377
5091783
5105861
5092685
5103748
5102852
5092058
4926466
5103742
5105374
5105373
4934183
5103743
5103125
5091602
5103745
5103750
4939245
5100996
5103741
5096282
5091788
5092215
5091720
4932571
5103122
4876539
5097372
5091719
4880103
4874043
5100997
5100144
5100137
5091882
4911680
5095350
5100138
5097364
5092691
5094200
5098546
4943591
5095997
5100145
4869275
4918572
5098550
5100140
4853652
5100139
4905480
5098552
4876157
5091593
5091313
5098548
5098543
5091881
5094201
5096274
4924912
5092219
5092726
5097365
5092731
4909280
5091844
5095993
5097369
5092732
5095354
5095353
5096281
5092111
5096276
5094202
5096002
5096001
5095998
4935403
5091714
5095995
5091943
5095356
5095352
4935406
4855051
5092501
5092692
5092600
4912909
5094204
5092683
5092689
4943587
5092389
5092723
5092392
5092730
5092060
5092725
4925255
4916788
4854144
5092595
5092496
5091316
4854232
4909384
4901130
5092597
5092598
5092385
5092602
4912701
4910270
5092494
4911831
4939336
4905440
4880096
4935398
4920364
5092441
5091318
5091944
4916038
5092440
5092383
4874365
4909281
5091875
5092387
4932707
5092390
4939060
4905683
5091713
5092388
4901014
5092384
5092318
4939383
5092213
4912513
5092221
5092322
5091319
5091950
4943593
4928278
4912517
5092217
5092110
5092315
5092222
4932575
4920365
5092055
4939242
4886838
4924914
4916746
5091851
4929026
4905529
5092112
4934184
4880218
4912562
4915958
5092053
4905682
4918570
4929023
4939821
4905539
5091951
5092103
5092057
4927983
4917894
5092054
4847346
5092056
4924916
5091596
5091948
5091945
4943588
5091880
4869278
5091718
5091600
5091876
4926364
5091852
4925253
4876209
4886837
5091846
5091314
5091849
5091792
5091717
4922328
5091790
4932705
4934185
4939818
4928279
5091784
4939825
4939358
4932355
4939364
4881253
4868620
4939924
4926367
4856405
5091716
4915961
5091715
4926363
5091599
4855046
4943589
4939333
4913517
4925015
4922483
5091594
5091595
5091597
4927989
4855055
4900799
4905506
4881189
4911829
4932568
4876446
4932350
5091317
4916795
4939241
4886045
4926463
4939384
4939921
4939925
4909157
4939918
4929030
4943594
4932354
4939591
4943586
4939063
4943590
4939589
4943595
4939927
4918574
4876455
4901569
4927985
4876538
4911797
4939244
4926467
4913518
4926469
4881868
4929130
4856404
4939822
4912911
4939597
4939243
4939328
4939332
4939387
4929125
4932576
4939593
4911746
4939386
4939385
4939588
4917485
4939367
4939067
4939382
4912946
4939379
4929126
4874472
4935399
4939378
4910269
4939365
4939366
4939360
4939240
4939363
4912907
4856239
4925009
4927987
4939361
4925010
4939337
4929132
4939329
4926365
4880100
4876165
4874486
4913276
4912952
4911903
4901136
4916040
4926362
4901780
4932348
4939238
4874378
4939058
4900794
4909390
4939064
4939062
4873538
4934181
4934179
4932704
4939059
4915962
4924913
4935401
4935402
4934186
4922484
4932349
4932703
4934182
4917890
4934177
4932701
4926460
4932573
4932569
4932352
4928277
4932700
4932574
4932351
4932570
4911902
4912699
4929131
4924917
4932572
4926468
4911681
4929028
4929128
4922334
4909398
4901565
4929129
4927991
4855053
4929127
4929029
4929124
4922325
4928275
4929032
4929031
4927984
4918573
4876159
4925256
4928280
4912995
4912560
4911907
4886088
4928274
4927988
4911685
4901133
4905681
4926369
4928281
4905750
4928273
4892827
4911796
4912999
4876542
4912708
4868529
4910268
4900884
4917893
4885973
4905830
4925250
4920361
4927986
4885539
4920362
4912996
4901563
4855424
4909158
4917479
4926361
4926465
4874383
4917887
4926464
4922476
4886835
4917891
4925013
4901139
4912951
4926366
4905442
4913516
4901131
4912511
4876210
4911684
4926368
4915964
4913278
4912945
4917892
4924911
4915956
4910271
4912910
4925014
4926360
4925011
4912906
4925249
4885815
4925248
4911688
4917481
4912997
4925016
4922329
4922475
4912564
4915358
4901013
4910267
4885812
4918567
4912950
4924915
4922477
4924910
4922478
4922481
4920357
4909432
4924909
4901262
4913524
4922333
4874490
4854641
4909161
4922331
4918575
4922479
4912705
4905825
4917886
4918569
4892832
4912563
4922330
4913519
4911747
4881142
4909160
4873810
4865049
4885967
4922326
4911901
4901267
4920363
4915363
4905744
4918568
4912912
4920359
4913283
4920358
4910272
4913284
4909387
4905528
4915357
4905832
4917484
4912706
4856402
4915957
4876577
4915963
4912514
4917895
4917889
4876092
4874359
4911687
4876452
4873814
4885807
4917478
4917480
4917477
4912953
4905751
4905512
4915959
4913277
4856504
4915365
4905752
4913280
4916793
4916794
4909159
4909428
4909126
4913001
4916789
4916790
4916786
4916787
4916791
4900791
4916753
4916751
4916750
4916749
4916747
4916041
4913525
4916045
4916044
4915361
4854233
4916042
4881871
4916037
4901781
4913282
4915960
4913002
4862809
4911679
4905753
4911792
4913281
4912949
4912566
4912998
4911905
4869271
4915362
4905513
4915360
4873541
4915359
4905441
4909393
4913523
4915356
4912512
4912559
4913521
4909275
4909156
4909429
4879977
4913279
4911791
4912954
4855419
4862812
4901265
4911899
4881139
4912510
4881254
4909129
4913004
4869272
4909433
4909276
4912948
4912704
4905680
4855048
4909383
4886040
4909389
4909125
4881330
4905508
4912914
4905474
4912700
4885966
4862497
4912905
4880104
4912702
4876579
4912707
4905483
4911795
4905833
4912567
4911682
4912568
4885544
4865206
4885538
4911740
4909430
4912565
4912561
4911683
4885813
4905542
4874385
4881191
4912516
4912515
4865054
4905436
4911900
4892831
4910264
4901017
4911836
4909399
4892834
4911742
4901785
4905525
4911793
4911835
4911838
4905479
4909154
4905745
4911833
4911834
4911798
4905831
4909431
4911832
4911830
4874528
4911748
4909282
4911794
4911686
4874491
4909127
4909278
4909162
4876086
4900793
4874534
4876581
4881866
4876164
4905530
4901783
4905537
4885306
4885307
4856243
4909425
4874036
4909397
4892833
4909426
4909424
4909401
4852571
4901137
4905504
4909392
4909396
4905675
4909385
4881143
4909131
4909273
4909388
4909153
4881192
4909155
4909279
4905540
4885314
4874038
4909128
4885312
4901266
4905536
4886842
4909130
4874533
4886041
4905541
4901787
4885541
4909132
4905748
4905678
4905829
4905444
4874376
4901561
4874468
4901268
4865047
4885811
4865046
4873298
4905746
4905543
4876091
4874364
4885315
4905534
4876578
4905674
4905538
4879979
4881331
4905535
4901784
4905532
4905533
4901788
4879984
4905524
4881138
4886043
4905505
4879884
4905482
4879879
4885974
4901132
4905475
4905481
4881248
4876387
4881251
4905477
4905443
4905476
4878232
4900888
4905435
4905438
4881867
4905439
4876212
4886841
4892828
4881869
4905437
4885313
4901261
4900792
4873812
4901567
4885808
4869276
4853648
4901263
4901015
4901134
4885545
4881252
4886840
4886037
4880223
4854235
4878233
4862815
4901012
4886038
4892835
4873735
4881870
4876206
4901011
4880216
4901010
4873813
4900889
4886091
4876207
4900882
4879885
4873732
4861201
4876540
4900796
4885540
4852746
4879981
4892830
4852744
4876211
4881335
4868532
4886836
4876386
4880102
4886042
4886093
4886092
4886090
4886089
4885975
4886087
4885543
4885814
4886086
4886044
4854231
4881137
4876544
4885971
4878229
4886036
4885968
4885970
4874381
4876389
4881255
4885810
4881195
4885542
4861196
4885308
4881332
4885311
4879878
4861480
4881250
4878234
4881249
4863402
4879881
4862496
4874532
4874469
4881334
4881333
4876450
4881327
4879983
4856240
4852737
4861194
4881326
4868621
4881194
4876388
4856244
4874494
4881188
4861476
4874526
4881145
4876585
4876451
4881141
4869270
4880099
4880222
4880220
4880105
4879876
4880098
4856242
4876214
4865048
4861199
4879985
4863397
4868537
4873302
4879980
4878228
4876208
4876582
4874530
4879883
4876583
4853805
4874487
4876395
4868536
4876537
4878231
4874473
4878227
4876088
4876449
4878226
4876576
4876161
4876580
4876156
4876543
4874041
4876393
4876536
4874377
4854141
4876094
4873540
4874531
4847341
4873815
4853798
4874467
4854637
4862811
4876392
4876089
4876391
4876390
4876215
4873733
4873304
4852567
4868530
4876160
4874040
4873808
4868287
4876095
4874489
4873811
4873543
4874535
4874529
4873297
4874493
4873537
4865210
4873730
4874475
4847342
4874384
4873305
4874471
4874466
4874382
4868283
4874379
4874045
4874361
4868619
4862807
4861473
4865053
4868279
4863404
4869269
4863399
4868627
4873807
4856507
4856505
4873734
4868286
4873726
4862499
4873301
4873542
4873545
4869273
4853654
4869274
4865055
4873300
4873296
4868531
4868625
4856241
4868626
4868535
4862810
4868622
4855422
4865213
4868282
4862813
4868285
4861202
4868281
4865209
4868280
4865212
4865215
4853655
4865211
4856508
4862806
4865052
4865050
4853796
4852572
4861197
4863403
4863400
4854226
4853649
4856403
4862505
4862498
4862808
4854004
4862504
4862503
4855420
4856502
4861478
4855052
4854234
4861198
4856238
4861477
4856245
4854005
4856407
4853999
4856501
4856406
4855417
4856401
4854003
4855423
4855416
4855050
4855054
4855049
4852640
4854230
4854643
4854638
4854227
4854143
4853998
4854000
4852743
4854137
4854136
4901260
4854002
4854001
4852574
4853997
4853801
4853803
4853802
4853799
4853797
4853650
4852740
4852741
4852661
4852642
4852660
4852638
4852657
4852637
4852573
4852576
4852569
4852568
4847348