5321873
5321868
5321870
5296207
5309894
5321865
5321864
5308480
5260059
5321867
5321871
5253557
5305309
5304117
5321866
5294518
5313269
5313270
5320308
5066508
5320312
5320307
5320310
5288157
5318124
5320305
5291008
5320313
5316320
5313272
5291005
5316312
5240784
5311945
5316313
5251046
5318123
5294516
5302527
5320304
5314893
5320309
5123927
5275810
5251959
5318128
5251048
4907824
5287156
5123999
5305316
5318127
5269332
5318125
5283494
5316319
5316321
5159936
5060581
5318120
5318122
4903312
5318121
5314894
5314885
5313278
5316317
5308484
5169494
5163727
5305311
5316314
5314886
5311939
5313276
5313274
5316316
5251963
5308483
5301043
5287161
5306943
5299468
5292422
5296211
5314891
5299467
5309898
5277283
5283531
5161113
5263565
5269328
5314892
5289450
5314890
5314889
5194404
5314887
5313277
5314888
5184836
5311940
5296213
5283851
5304119
5289452
5313275
5313273
5309896
5309899
5311948
5304120
5313271
5306942
5270890
5311946
5239522
5304124
5311947
5311944
5288156
5311943
5248501
5311941
5309897
5283539
5159016
5160232
5294522
5168280
5306945
5309893
5173678
5278822
5296214
5308476
5304121
5167740
5275811
5291011
5302533
5292419
5196051
5256667
5306940
5200683
5163605
5281824
5309900
5301047
5200896
5254390
5308481
5302536
5309891
5289449
5309895
5169503
5238514
5171572
5306947
5260056
5247701
5309892
5288158
5197201
5306948
5291013
5240786
5306944
5292421
5291009
5255105
5283054
5064410
5171788
5283847
5283527
5308482
5280525
5280517
5306941
5304123
5304126
5305318
5305314
5146879
5308479
5301048
5308478
5305312
5247704
5292415
5278821
5301046
5306946
5302535
5308475
5283053
5280520
5274379
5068609
5305315
5247698
5288159
5302528
5287164
5212202
5197523
5195168
5297791
5252797
5304122
5301041
5305317
5275808
5294517
5292414
5272436
5255111
5246818
5288163
5305313
5297786
5283846
5292420
5248499
5305310
5287158
5252799
5130306
5292416
5249533
5277280
5277279
5270887
5253562
5289451
5304125
5297789
5114610
5302534
5302530
5263562
5302531
5254391
5294523
5297785
5301044
5302532
5302529
5301039
5301045
5283055
5280518
5299460
5289446
5264955
5301042
5272441
5250367
5299461
5297787
5254388
5167289
5258355
5297790
5294519
5301040
5297788
5160659
5283855
5196971
5299466
5299465
5287155
5281819
5296216
5283848
5299463
5297784
5274382
5299459
5263568
5296210
5269333
5292423
5168284
5261220
5297783
5275813
5296212
5283526
5289447
5277274
5297782
5157096
5114360
5155816
5283853
5256664
5287162
5294520
5283852
5294514
5154724
5250373
5261219
5237342
5296208
5296209
5287157
5009842
5294515
5283537
5214634
5283050
5113997
5294521
5289445
5275807
5287159
5291007
5288155
5281820
5060584
5291004
5277282
5283854
5280521
5196972
5289453
5292418
5277281
5292417
5289448
5270886
5280523
5283049
5244351
5291010
5281818
5100829
5171983
5269329
5278820
5274376
5270882
5278818
5283052
5291006
5289454
5140711
5171789
5283498
5161443
5288160
5281817
5171578
5269330
5218901
4920232
5283496
5194405
5267013
4943229
5288164
5288162
5251958
5269331
5275805
5278830
5258360
5287165
5278819
5256672
5283850
5256669
5277276
5222804
5283051
5261213
5283497
5250366
5248502
5130356
5258351
5287154
5281816
5274377
5283046
5283849
5075374
5251055
5283048
5242893
5281823
5130311
5278823
5277278
5278825
5270891
5275812
5263569
5255104
5281825
5274375
5253555
5197521
5261222
5269335
5283047
5283495
5274384
5260052
5258357
5280524
5281822
5275814
5221641
5272432
5245461
5281821
5264950
5278826
5274383
5185598
5267016
5254389
5272440
5260055
5048869
5252801
5222224
5280516
5249534
5270885
5048871
5280522
5277277
5280519
5256663
5254384
5267012
5277275
5219592
5275809
5278824
5274381
5169410
5260057
5255110
5272435
5215890
5272434
5237346
5216919
5258356
5251961
5169499
5272433
5274380
5240780
5270884
5272437
5275806
5272438
5267010
5255107
5274378
5272439
5252800
5260054
5261216
5269337
5270883
5173677
5254387
5216916
5256668
5269334
5263561
5270889
5264952
5270888
5261215
5185593
5263563
5267007
5269336
5114081
5173676
4904045
5261221
5174293
5267011
5113998
5264953
5244359
5255106
5264956
5123933
5260060
5216917
5250369
5241803
5239524
5260058
5247702
5263567
5253559
5245462
5197209
5245456
5267014
5261217
5264949
5194846
5161445
5267009
5255112
5267015
5157102
5252794
5238518
5152382
5113586
5258354
5222799
5267008
5103183
5238515
5200894
5264948
5263564
5264954
5264957
5258359
5264951
5246816
5219589
5261214
5251964
5254385
5251962
5252802
5167745
5212200
5237345
5263566
5120918
5222802
5263560
5255109
5251052
5142685
5018611
5196059
5256665
5248504
5249527
5159532
5256671
5258361
5261218
5247696
5250371
5196768
5174287
5136196
5260053
5253556
5209969
5169407
5168009
5254383
5247700
5196761
5018644
5152385
5258352
5260051
5255103
5258353
5241799
5214635
5171981
4940995
5256670
5219594
5175829
5194849
5250370
5162205
5252798
5221640
5248498
5159013
5244355
5251957
5253558
5173674
5218030
5123935
5066511
5256666
5244358
5167009
5113809
5255108
4899021
5249526
5157098
5248497
5254392
5184842
5105727
5242897
5237344
5253561
5155813
5246822
5242892
5210950
5254386
5246821
5253554
5251965
5241807
5248505
5214629
5194845
5222225
5109886
5157099
5253560
5159537
5142686
4937427
5196057
5250372
5246819
5241801
5184837
5218898
5088267
5210958
5237347
5219586
5241800
5252793
5149865
5252795
5249531
5251053
5252796
5067373
5246823
5251054
5239531
5249530
5219593
5150965
5218902
5251960
5221638
5200682
5251050
5251956
5249535
5242888
5210953
5245453
5242895
5222803
5209966
5299464
5237343
5250375
5248500
5152390
5248496
5171781
5147271
5249529
5244353
5171780
5251049
5195170
5239523
5200687
5238512
5251047
5213330
5156321
5250374
5247703
5240783
5195478
5136550
5238516
5218903
5212218
5185597
5237341
5162206
5210949
5239525
5059917
5250368
5120855
5244354
5185592
5246824
5246820
5184593
5157097
5245457
5159011
5249532
5104388
5171576
5171573
5184592
5240788
5218896
5244360
5241798
5249528
5247705
5124482
5114613
5197206
5222227
5212205
5221642
5120881
5248503
5239527
5219587
5146740
5244352
5159930
5174285
5200893
5218032
5242890
5219591
5222800
5245454
5245460
5160658
5123930
5197207
5245455
5222221
5196975
5237340
5200685
5185394
5197208
5213333
5221639
5140416
5209964
5247699
5237339
5247697
5194403
5241804
5156324
5149870
5136102
5171782
5246825
5241805
5136192
5245459
5200686
5109885
5238511
5246817
5212201
5240787
5244356
5117928
5150961
5196973
5222805
5242894
5169285
5238517
5244357
5167280
5242896
5195477
5200680
5068992
5137320
5240779
5196208
5242889
5238510
5124255
5197204
5210952
5130359
5200897
5242891
5210951
5218024
5218027
5159446
5209962
5166985
5241806
5215892
5241802
5218895
5141481
5064413
5222798
5185397
5160970
5196394
5238513
5216911
5159010
5185594
5239530
5218025
5196976
5237348
5197203
5240785
5221636
5213332
5166754
5239528
5240782
5240781
5167281
5185399
5195479
5238509
5239529
5222219
5239526
5185595
5214631
5200890
5214632
5196203
5200684
5195475
5200679
5221633
5221634
5218900
5161120
5169409
5167282
5194844
5149867
5077850
5222226
5215891
5159441
5168007
5215897
5218897
5134775
5214628
5212199
5130305
5222801
5197522
5196977
5222807
5222806
5219585
5200891
5140422
5136198
5222220
5174291
5138184
5136548
5222222
5082333
5222223
5163321
5163652
5185392
5166755
5166980
5171783
5143808
5218033
5185599
5136197
5163724
5200888
5216918
5216920
5153858
5221637
5215894
5210954
5216915
5120856
5215896
5218026
5222218
5195171
5196053
5184589
5218894
5169280
5173680
5159531
5143965
5218899
5159937
5216913
5218029
5124483
5167286
5214636
5196207
5221635
5171984
5176116
5146883
4922077
5143964
5195165
5197205
5067372
5163720
4907964
5219590
5134778
5171575
5209968
5219588
5209961
5197519
5141194
5163788
5213331
5195169
5215893
5088615
5218031
5214633
5136195
5209965
5215898
5216914
5130332
5098518
5212207
4943318
5168283
5196393
5212206
5218028
5185400
5166983
5160230
5167284
5171980
5134773
5200889
5215889
5197524
5163785
5200892
5214630
5216912
5018821
5196052
5213337
5146738
5138178
5163326
5215895
5169619
5185600
5168003
5169279
5213329
5163723
5213334
5099999
5213338
5123481
5214637
5163789
5213336
5185398
5210957
5171574
5209967
5209963
5194851
5196766
5167749
5196974
5197528
5196979
5196763
5138176
5209960
5197200
5161444
5212204
5018449
5195472
5069337
5212203
5197526
5114361
5114455
5159534
5196392
5169614
5168286
5174289
5210955
5124446
5163603
5200895
5210956
5162199
5194407
5146739
5185596
5197520
5196769
5169282
5163787
5169621
5194842
5163653
5196764
5200681
5064546
5169281
5197527
5196970
5163601
5130303
5196209
5117924
5200678
5154728
5197525
5196050
5196395
5171786
5113994
5118020
5147267
5149863
5124002
5167743
5194410
5174286
5120874
5196397
5176119
5100826
5196054
5185393
5163600
5176115
5175824
5175825
5197202
5159536
5196205
5185396
5124252
5185401
5130358
5196206
5196056
5130310
5168281
5169408
5196978
5161115
5169500
5147591
5104387
5163328
5169618
5166751
5196767
5113990
5196396
5163650
5163786
5175823
5150964
5196762
5196765
5169284
5120913
5196760
5196398
5196390
5146880
5196391
5159447
5100302
5196399
5184844
5168288
5184841
5147270
5195481
5087182
5174288
5161441
5166987
5195473
5171985
5168285
5140717
5057397
5168001
5196055
5196202
5194400
5102504
5168004
5195164
5171784
5195163
5195476
5169278
5196204
5166758
5176112
5196201
5167287
5169623
5166981
5174292
5196200
5195474
5105725
5196058
5147269
5171785
5194847
5184585
5167744
5194843
5064412
5102316
5067255
5159931
5173681
5117919
5152386
5175827
5154726
5167288
5163657
5169622
5195480
5173675
5184840
5161437
5147590
5061343
5159932
5159442
5167283
5163729
5194850
5194406
5057391
5130361
5184835
5169283
5159528
5160964
5143958
5124451
5175828
5168005
5162198
5168006
5176117
5185601
5184843
5195167
5141478
5195162
5176118
5160229
5061345
5175826
5160968
5194848
5173679
5169620
5169412
5174290
5185395
5194411
5138181
5194402
5160663
5174284
5168287
5169495
5176114
5184590
5114515
5194401
5171571
5175830
5171577
5146737
5166986
5176120
5124249
5184587
5184839
5147276
5184586
5160963
5171989
5184594
5169502
5046310
5176121
5034524
5171986
5160965
5113803
5171982
5153859
5130354
5175831
5150962
5163325
5117920
5163327
5169413
5146736
5176113
5169617
5155817
5103491
5166984
5160967
5175822
5143957
5114089
5118019
5130328
5173682
4907833
5018751
5161119
5138129
5147592
4907971
5142681
5149862
5171787
5113584
5140424
5171570
5163602
5169501
5163658
5124484
5163780
5171988
5163725
5160666
5173683
5102506
5018578
5140709
5171987
5171579
5169496
5167746
5083078
5169277
5124454
5138128
5065290
5159929
5161440
5162200
5161121
5169497
5169411
5162202
5169616
5154727
5169498
5155809
5142682
5018638
5072964
5167742
5150970
5124251
5138135
5169414
5166756
5169415
5163781
5114518
5163607
5169276
5138182
5169406
5149868
5166753
5160969
5168008
5113690
5161116
5130323
5166759
5088264
5166988
5124000
5167285
5167741
5167748
5143814
5114084
5168289
5141483
5168002
5168282
5163651
5168000
5113802
5110480
5160966
5143815
5167747
5123997
5159012
5154720
5021861
5163783
5159017
5163324
5141195
5141485
5163320
5166752
5163323
5163728
5159439
5021926
5138180
5114458
5161439
5114368
5166982
5073152
5159444
5136543
5157100
5130331
5157103
5163654
5114516
5163726
5166757
5163782
5120859
5163721
5143811
5134777
5103184
5147589
5163784
5136546
5142687
5025967
5157094
5141482
5155812
4930891
5143961
5109891
5159533
5155818
5156323
5143962
5143963
5113695
5156322
5154721
5163722
5163604
5163322
5134776
5152383
5162203
5143810
5163606
5160234
5140718
5137312
5136099
5124253
5161446
5141193
5163655
5100825
5163656
4936396
5163608
5048874
5060582
5141479
5160662
5163609
5161114
5100823
5161112
5159015
5154722
5162197
5159935
5089302
5163329
5160962
5159933
5161117
5123931
5159535
5075548
5066286
5161442
5162201
5143966
5100308
5152384
5155815
5113698
5114614
5159530
5160231
5120921
5159928
5157101
5152381
5142684
5146735
5161118
5147274
5156325
5154723
5142678
5098515
5160228
5160237
4943322
5146877
5160664
5117923
5152387
5159934
5160665
5143809
5160661
5120853
5159529
5120914
5160660
5150969
5159440
5160657
5114239
5141196
5150968
5102313
5134771
5160236
5137315
5160235
5147587
5153855
5154725
5114454
5156319
5064414
5156328
5149861
5012865
5160233
5147596
5159443
5155814
5012531
5102314
5147595
5153851
5130329
5138185
5103499
5157095
5136194
5130304
5146886
5124481
5130360
5141192
5124005
5124479
5159445
5138183
5159014
5153856
5147593
5159008
5130355
5103497
5124004
5146884
5141480
5147275
5064627
5150963
5156327
5134772
5118024
5141484
5136106
5156326
5141191
5114615
5021885
5123484
5156320
5155811
5141197
5155810
5153854
5143812
5140419
5153857
5142680
5146882
5150966
4913163
5007169
5147273
4929936
5152389
5136551
5154719
5149869
5153860
5136199
5113583
5153852
5153853
5149864
5140716
5120877
5141190
5073295
5141189
5146741
5120878
5123934
5150967
5152388
5018583
4933374
4907858
5117927
5096563
5066283
5067254
5088955
5146878
5149866
5114236
5109892
5143960
5147268
5147594
5136201
5103190
5137317
5147588
4941383
5130326
5136105
5140713
5136193
5012536
5114612
5138126
5146885
5104384
5146881
5143817
5124476
5146742
5146743
5120915
5146744
5138134
5138130
5113580
5123926
5123996
5087070
5123932
5114611
5114459
5143959
5100304
5134780
5143816
5102310
5088957
5077846
5140715
5113808
5140712
5141487
5124478
5031083
5109887
5140425
5102307
5140714
5075687
5018448
5136100
5142683
5114230
5114457
5140421
5130312
5130324
4912631
5141486
5114513
5065296
5114512
5087180
5134779
5141198
5120861
5137319
5142679
5137316
5110478
4899096
5088956
5114234
5046305
5124447
5114618
5140420
5140417
5138179
5018857
5184588
4931482
5137321
5134774
5140418
5058068
5123928
5138127
5140423
5136200
5105721
5124449
5130327
5138131
5124003
5018824
5110476
5137314
5136107
5077865
5012866
5120880
5018753
5103496
5124247
5138177
5130357
5137313
5136549
5110482
5138133
5136547
5120858
4943190
5067089
5138132
5018607
5120919
5013135
5137318
5123998
5067249
5066700
5123486
5136544
5100306
5018864
5136542
5021859
5102500
5136545
5123485
5136101
5136104
5096568
5018754
5130309
5066093
5130353
5102501
5136103
4912635
5114364
5136098
5097817
5123477
5130362
5075449
5124254
5100003
5082336
5130325
5130330
5109890
5130308
5114456
5124480
5118021
5086929
5064192
5083081
5124455
5113587
5113804
5088609
5124246
4922886
5117925
5083020
5086933
5124001
5007306
5124485
5060583
5118023
5075450
5102498
5120857
5004263
5124477
5124452
5118026
5114616
5124250
5120920
5124248
5083084
5114363
5124450
5018585
5087071
5120862
5031085
4944616
5120916
5124448
5118027
5120879
5114362
5123482
5013430
5047859
5118022
5120873
5096572
5123483
5120860
5123478
5066705
5114238
5109893
5065293
5114519
5047855
5123479
5021948
5113992
5102499
5117921
5120875
5047861
5114514
5123929
5097821
5123480
5104390
5018446
5064622
5086931
5096569
5120922
5018858
5100828
5097818
5120882
5120917
5114083
5077905
5066280
5105728
5072960
5114365
5109894
5120876
5114617
5057395
5118028
5088958
5100004
5075452
5114453
5102497
5103187
5117922
5114451
5114233
5103494
5114517
5117926
5068990
5086937
5114237
5114231
5097822
5105729
5096571
5114450
5067095
5113999
5072957
5066517
5114452
5114510
5100303
5114080
5104382
5072956
5114511
5114235
5114366
5065229
5103495
5113807
5097280
5104386
5113582
5114367
5104383
5114232
5075686
5114369
5068559
5113697
5110477
5113991
5114085
5105722
5113693
5113691
5097281
5097820
5057392
5110479
5114088
5103498
5060588
5114087
5066510
5082327
5066704
5064477
5012709
5077869
5102308
5113806
5113699
5113996
5100301
5113696
5048873
5064415
5099997
5083025
5060085
5089303
5113801
5110475
5105730
5113800
5069330
4912840
5073198
5110484
5066285
5075456
5082329
4933317
5073291
5103181
5083018
5113694
5082889
5088959
5087179
5075451
5113581
5098514
5103186
5113692
5100002
5113589
5077904
5089304
5077842
5064542
5097275
5109889
5067375
5102503
5064473
5082331
5066282
5100821
5110483
5098512
5105726
5047860
4904236
5034585
5088952
5067093
5102502
5100300
5048866
5109888
5082888
5087183
5102309
5097813
4913251
5103500
5089309
5064376
5105724
5104385
5065228
5103188
5104389
5089305
4943234
5100005
5104381
5096566
4899030
5082334
5086928
5069328
5100827
5103493
5103189
4943442
5065289
5060586
5007167
4933309
5098517
5102311
5083086
5073289
5075318
5059017
5096567
5100309
5061341
5098519
5088265
5082894
5097815
5100305
5102312
5098521
5082895
5069453
5088613
5097278
5007164
5100824
5077867
5073147
5097274
5089306
5099998
5061349
5100001
5075376
5077864
5066091
5087076
5100820
5096565
4899027
5097819
5060079
5088266
5087077
5083080
5082893
5086932
5098516
5013437
5097277
5018452
5089307
5046307
5098513
5083026
5100006
5075378
5083017
5075455
5097276
5097814
5065292
5013590
4941286
5012713
5073201
5075369
5087072
5018637
4926205
5067376
5100000
5077843
5064620
5098520
5077910
5068561
5064372
5088258
5088954
5061350
5082330
5087075
5068566
5097282
5012532
5088262
5069449
5018863
5088612
5073196
4929931
5097816
5061342
5075681
5075684
5087187
5088951
5097273
5089308
5009845
5096570
5075457
5096564
5067377
5067518
4904053
5077863
5087074
5073154
5075546
5047858
5087181
5082896
5083083
5007166
4943228
5067257
5075317
5075543
5068612
5064469
5087069
5021945
5075315
5082887
5087186
5088608
5060589
5088611
5089301
5083077
5082891
5088614
5077848
5088259
5066701
4913162
5077868
5083082
5087178
5077871
5088953
5067097
5088617
5046308
5073294
5075544
5088616
5073151
5073286
5088260
4933372
5088263
5069457
4920233
5077903
5068991
4941386
5059915
5083023
5075689
5075549
5086934
5034527
5077849
5077844
5087184
5013194
5075541
5077866
5073203
4930889
5059010
5087068
5086936
5066699
5077902
5073153
5064474
5066698
5086930
5075682
5058062
5066096
5077911
5021941
5082890
5012983
5068615
4941209
5018861
5046309
5064408
5083079
4903349
5077847
5069329
5065234
5066287
5083021
5021920
5067088
5083019
5075377
5073202
5077851
5075683
5075453
5013595
5067522
4940967
5075458
5077906
5067524
5067096
4931486
5065231
5021862
5077908
5066279
5066281
5077907
5012350
5073292
5057398
5075547
5057399
5021947
5018582
5059918
5068611
5075685
5069333
5077845
5077862
5018748
4933314
5064323
5075375
5073293
5021863
5068995
5073287
5069456
5067525
5021925
5007251
5066284
5066088
5007244
5069335
5075309
5048868
4922084
5069455
5064475
5075310
5075371
5034583
5069452
5068567
5069334
5018818
5067094
5060088
5075316
5064197
5068558
5068565
5066707
5073288
5059012
5067520
5018690
5068562
5075373
5018576
5075372
5047857
5069448
5058061
5075313
5073150
5073149
5064417
5067090
4912808
5073146
5025959
5073199
5073205
5061346
5068617
5048872
5067519
5018580
5064371
4941206
5066092
5047862
5031081
5031084
5034582
5067371
4936400
5066094
4943189
5069450
5072961
5065237
4943195
5069336
5067523
5073148
5067250
5069454
5068613
5012864
5068608
5067252
5004039
5064409
5064468
5064368
5066278
4922088
5068564
5031078
5007165
5058065
5021888
5067248
5067526
5007248
5068997
5025968
5064320
5059013
5031086
5068563
5064195
5064471
5066090
5018615
5066095
5068988
5066706
5059909
5046306
4912637
5068610
5067368
5064416
5034584
5034528
4933313
5021884
5064619
5068560
4940965
4931896
5065288
5064538
5067369
5018686
5067374
5021886
5065295
5064470
5066515
5021943
5047864
5064196
4931892
5066512
5034586
5047863
5067253
5007170
5059011
5012352
4940994
5066513
5060087
5066703
5058063
5067092
4903916
5067091
4930890
5059911
5064626
5004037
5064472
5065233
4941203
5059910
5064326
5018752
4937366
5065230
5066509
5021928
5064623
5057396
5064318
5059014
5018764
5012979
5057394
5058066
5066089
4943321
5059016
5064625
5034581
5034578
5018401
5012710
5064541
5064545
4943445
5065236
5025961
5061347
5064624
5021867
5018695
5018577
4943230
4932138
5034529
5034525
5058059
5064544
5059914
5007250
4932635
5013131
4942411
4942415
5064189
5034531
5064411
5018693
5059009
5059916
5021924
5058064
5061344
4932147
4930894
5018762
5018825
4940964
4937421
5064375
5060080
5025962
5013132
5064369
5018819
5060083
5064324
5018763
5064322
5013589
5064194
5009851
4933311
5064190
5048870
5025966
5013138
5013591
5060086
5018856
5060082
5018584
5060081
5018761
5031080
5004261
4941711
5013134
5004254
5060590
5059015
5018608
5031082
4941702
4912634
4926203
5047856
5021921
5059912
5046312
4907968
5018691
4904235
5021860
5012718
4943194
5025960
5057393
5034580
4913156
5021919
4904125
5018865
5012529
5021940
4942417
4942523
5034526
4903351
5034530
5034532
4903313
5018636
4904050
5004040
5021881
5018749
4937365
5025964
5013434
5018400
5007168
4926202
4932140
5012986
5018759
5013137
5018755
5018613
4922085
4899028
5021880
4929930
5021939
5012712
4931487
5021887
5018860
4943226
5021882
5018820
4913157
5018688
5021868
5012862
5018746
4912630
5004257
5013196
5018817
5018692
5012534
5018816
5018687
4943188
5018639
5007171
4937419
5007311
4943436
5012988
5012354
5018694
5018756
5012716
5018757
5013136
5009848
5013198
5018750
4932637
4937367
4941205
5018642
5018641
4943320
5018643
5018640
4913160
4943324
5018614
4930949
5012351
4933262
5018581
4930892
5012863
5007305
5004042
5018397
4943444
5018402
5018450
5012861
5018453
4904049
5009843
4899091
5018399
5004036
5012860
5012357
5013593
5018396
4942524
5007304
4930948
5013596
4922089
5013432
4903991
5013433
4941384
5012982
5013195
5013189
4933260
5007309
5012349
5004256
4943438
5012985
5012868
5013130
5012538
4943319
5012867
5012530
4913246
4899063
4942418
5007310
4941287
5012358
4942529
5012715
5004255
5012356
4937361
4941708
4943187
5012353
5007307
4933258
4903307
4933373
4933264
4940997
4904130
5004262
4926207
5007308
4940993
4943235
4899093
4903353
4942416
4942527
4941000
4932146
4937363
4942521
4943317
4930893
4941202
4937425
4943441
4903350
4940962
4923697
4942530
4940969
4943233
4942526
4933316
4903346
4933368
4931889
4926209
4912636
4941388
4940971
4942419
4941211
4936395
4940992
4942413
4941288
4936392
4941710
4940963
4940996
4941208
4941387
4932142
4922080
4941283
4922079
4913161
4922083
4912632
4937359
4922885
4936393
4907826
4932145
4937426
4936398
4932634
4930895
4937423
4932631
4912807
4930952
4904132
4937358
4932139
4931890
4922889
4931485
4937360
4931897
4922890
4920229
4922093
4923698
4933369
4933310
4899097
4933261
4913155
4932144
4922090
4922894
4923703
4932141
4931478
4932143
4930957
4903919
4932636
4899062
4930954
4930955
4899066
4920235
4912812
4903924
4912809
4907967
4930956
4931483
4920231
4929935
4904243
4913249
4929932
4920230
4926206
4904237
4907827
4903923
4922893
4922887
4922081
4922082
4913247
4907855
4912811
4913159
4904242
4912839
4912836
4912842
4904126
4912805
4903985
4912806
4903921
4904238
4904240
4912629
4907970
4903311
5088960
4907830
4904241
4903989
4903314
4904129
4899094
4904048
4903992
4903986
4899061
4903348
4903310
4899022
4899065
4899092
4899068
4899026
4899025