6717372
6717330
6717374
6716429
6717124
6714965
6715112
6717052
6715059
6715861
6716938
6713699
6715019
6717314
6717370
6717234
6717219
6717224
6717373
6717289
6717176
6717375
6716837
6717369
6717357
6717350
6717051
6717172
6717229
6717076
6717354
6717361
6717235
6716998
6717299
6712085
6717181
6716661
6717257
6717267
6717365
6716633
6717371
6717250
6716973
6717274
6712575
6712730
6714426
6717353
6717349
6717368
6717367
6715395
6717102
6717261
6715929
6717324
6717278
6717271
6717098
6714429
6713192
6717168
6717331
6717362
6716101
6717313
6715385
6716577
6717202
6712550
6717363
6717095
6717282
6717364
6717356
6717266
6717140
6717327
6717279
6712164
6717201
6717259
6717178
6716908
6714487
6717359
6717245
6717119
6716573
6715923
6716991
6717358
6717337
6717360
6717290
6715920
6717251
6715869
6717319
6717328
6717085
6717115
6717130
6717300
6717169
6717355
6717302
6716873
6713261
6717311
6717164
6716476
6717163
6717039
6717340
6716368
6717303
6717352
6717315
6717280
6717272
6716350
6717205
6717301
6714947
6717286
6717233
6717341
6717351
6717305
6717333
6717010
6717270
6717316
6715913
6717312
6716623
6716937
6717101
6717347
6717269
6717222
6717348
6717296
6717017
6716997
6717256
6717212
6716964
6716444
6716081
6717173
6717221
6717291
6712777
6714311
6717346
6717088
6716874
6716375
6717213
6717339
6717292
6717345
6716952
6717344
6717306
6717343
6716314
6717308
6717304
6717342
6717209
6715473
6717057
6717155
6716673
6717332
6717129
6717321
6717307
6717054
6715488
6717334
6716914
6715561
6717338
6716820
6717325
6717216
6716857
6717160
6717156
6717284
6717175
6717225
6717322
6716141
6717323
6717287
6716892
6717335
6717254
6717116
6716803
6717326
6717281
6717183
6717293
6717298
6716999
6717276
6717317
6717056
6715599
6717329
6717226
6717264
6717320
6716659
6717294
6717258
6717273
6717196
6717318
6716726
6717131
6717309
6717223
6716510
6716939
6717147
6717132
6717230
6715443
6717255
6717310
6717204
6716371
6716872
6716682
6716234
6715793
6717197
6717103
6717210
6717240
6716959
6717297
6717091
6716518
6717283
6717187
6716990
6717174
6717191
6716958
6717295
6717242
6715795
6717112
6717190
6716491
6716772
6717208
6712460
6713687
6717109
6717244
6716985
6717288
6715166
6717238
6717125
6717066
6717107
6717285
6717108
6716569
6716386
6717199
6717200
6717268
6717186
6717189
6717145
6717252
6717126
6717263
6717072
6717277
6717211
6717275
6715151
6717078
6717061
6715971
6717195
6717012
6717139
6717177
6717151
6714849
6717248
6717260
6717228
6717217
6717265
6716685
6717218
6717100
6716935
6717089
6717026
6717215
6717262
6717065
6717162
6717188
6716974
6717193
6717249
6717246
6716558
6716922
6717243
6716802
6716778
6717253
6717241
6717120
6717247
6717192
6717121
6717157
6716961
6715460
6717047
6714171
6717136
6717037
6717137
6717029
6717231
6717142
6717236
6717232
6717170
6717220
6712201
6717143
6717074
6716042
6715918
6717028
6716560
6717237
6714073
6716728
6717203
6717180
6717239
6717146
6717165
6715073
6716976
6716693
6716483
6715492
6717227
6715604
6716468
6716330
6717117
6716979
6716451
6715905
6717122
6717053
6717069
6716971
6715324
6717104
6717127
6717214
6717022
6716911
6716620
6717198
6717094
6716469
6716384
6717206
6717207
6717023
6717067
6717055
6715485
6717019
6717184
6717161
6716600
6717171
6716917
6716987
6717118
6717110
6717093
6716982
6717128
6717011
6716684
6717154
6712393
6717003
6716082
6716242
6713390
6717182
6717185
6717138
6717194
6716996
6716461
6716723
6716584
6713419
6715736
6717159
6716994
6717141
6716923
6717133
6716954
6717097
6717041
6716944
6717158
6715060
6715647
6717106
6716913
6717153
6716722
6717167
6713165
6717148
6714186
6716949
6717152
6717179
6716869
6717111
6716992
6715774
6716849
6717009
6717150
6712148
6716891
6716890
6717149
6716420
6717166
6716649
6717070
6716956
6716112
6716646
6715017
6716369
6717092
6717084
6715082
6717134
6716410
6716909
6716542
6717006
6717082
6716986
6716901
6716970
6716765
6717049
6716725
6712917
6716948
6717135
6716382
6717002
6716326
6715928
6717096
6716966
6714442
6716724
6717144
6717123
6716281
6716880
6716351
6716845
6717086
6716915
6717113
6716408
6716848
6717083
6716738
6717099
6716932
6717105
6717079
6717031
6717043
6714599
6716900
6715865
6715478
6717081
6716457
6716969
6716851
6717021
6717114
6716853
6716051
6716536
6717077
6716875
6714170
6717063
6716834
6717033
6717087
6715567
6717008
6716514
6717068
6716943
6716574
6716807
6716856
6715893
6716539
6717090
6716639
6716898
6716447
6714601
6716694
6715846
6716957
6716559
6716104
6716887
6717046
6717080
6716847
6717020
6715379
6717001
6716972
6716088
6716679
6716947
6711949
6716953
6716012
6714406
6716610
6716988
6717075
6716995
6715720
6716801
6716583
6716930
6717045
6716353
6716965
6717058
6716862
6713808
6716502
6717007
6717064
6716806
6716855
6716861
6717036
6717073
6717071
6717005
6716865
6717060
6713409
6716950
6717059
6716733
6716936
6716422
6716886
6714046
6717034
6715507
6716942
6716809
6716993
6716811
6716736
6717042
6716899
6716843
6716771
6716417
6717040
6716916
6717038
6716343
6716751
6716896
6717016
6716800
6717062
6714416
6716946
6716812
6714758
6717048
6717032
6717044
6716517
6716984
6717050
6716878
6715922
6715501
6717018
6716962
6716729
6715042
6715076
6715995
6716284
6717035
6716379
6716651
6716818
6716641
6716805
6716587
6717025
6716981
6716921
6716702
6716710
6716689
6716904
6716306
6716963
6717013
6717030
6716983
6716575
6716906
6716868
6715419
6717014
6716968
6716784
6716206
6716933
6714913
6715212
6715788
6717024
6716530
6715343
6716760
6716783
6716951
6716928
6716016
6716383
6716000
6717004
6716550
6716621
6716941
6715734
6716925
6716079
6716824
6714898
6716989
6716980
6715591
6716795
6716918
6717000
6716967
6716816
6716931
6716662
6716844
6716789
6716105
6716978
6716703
6716553
6716753
6716533
6716866
6716611
6716955
6716708
6716977
6715617
6716842
6716232
6716975
6716924
6715794
6716615
6716697
6716436
6712027
6714777
6713601
6715534
6716537
6716511
6716787
6716763
6716854
6715944
6712071
6716653
6715196
6713208
6716903
6716265
6716919
6713858
6716897
6716705
6716870
6716960
6715805
6716648
6716028
6715881
6716881
6716813
6716929
6716782
6716493
6716424
6716940
6716859
6716830
6715779
6716698
6716879
6716825
6716905
6716598
6716867
6716920
6714545
6716934
6716889
6716711
6716927
6715357
6716734
6716893
6716745
6716829
6714892
6715639
6715027
6716471
6715762
6716188
6713937
6716926
6716280
6716484
6716277
6716748
6716839
6715903
6716912
6716077
6716910
6716864
6712114
6716715
6712965
6716833
6716894
6716775
6716454
6714069
6716902
6716634
6716308
6716831
6716907
6716850
6716513
6716773
6716888
6716034
6715839
6713172
6716570
6716660
6716110
6716858
6716477
6714694
6716769
6714489
6716185
6715232
6716860
6716361
6716687
6716884
6716766
6717027
6716528
6716203
6716755
6716066
6716781
6716504
6716680
6716863
6716143
6715892
6716885
6716758
6716814
6716463
6716876
6716841
6716554
6716883
6716074
6716390
6716721
6716882
6716832
6716243
6716144
6716177
6716416
6716268
6716737
6716093
6716732
6716567
6716622
6716785
6716612
6716220
6715456
6716700
6716796
6716503
6716877
6716178
6716871
6716754
6715638
6716817
6716838
6716819
6716793
6716761
6716794
6716821
6716852
6713812
6715813
6716160
6713104
6716134
6716658
6716414
6715026
6716692
6716148
6714065
6716585
6715605
6716301
6715975
6713516
6716252
6716478
6715415
6716592
6716836
6716589
6716521
6716827
6716525
6716586
6716217
6716740
6716846
6715693
6715314
6712879
6716666
6716309
6714891
6716638
6716774
6716631
6716835
6716718
6716357
6716572
6716699
6716777
6716840
6716198
6716128
6715722
6716446
6716347
6716635
6715760
6716828
6715178
6715548
6715714
6716601
6714537
6716688
6716712
6716767
6716210
6716632
6716804
6715135
6716075
6712934
6716340
6716334
6715524
6716239
6716799
6716822
6716815
6716640
6716826
6716627
6716374
6716788
6716823
6716606
6716182
6716792
6716556
6716532
6716135
6716667
6716443
6714437
6716743
6715526
6716085
6716797
6716744
6715696
6716602
6716505
6716674
6716366
6716140
6716701
6716798
6716219
6716018
6716747
6716808
6716486
6716509
6716780
6716200
6716363
6716670
6716433
6716810
6714015
6716786
6716312
6716746
6716749
6716791
6716482
6716450
6716696
6716474
6716675
6716283
6716719
6715550
6716727
6713056
6716237
6716790
6716759
6716173
6716230
6716401
6715988
6716636
6716613
6716742
6715713
6715756
6713998
6715985
6716544
6714319
6716435
6715389
6715669
6716354
6716768
6716254
6716453
6716342
6715689
6716656
6716345
6716333
6715974
6715536
6715759
6716764
6716779
6716731
6715164
6716044
6716770
6716472
6716594
6715876
6716452
6716762
6716566
6714473
6715034
6714212
6712928
6716671
6716285
6716757
6716645
6716756
6716655
6715815
6716300
6716540
6716750
6716387
6716637
6713541
6715664
6716695
6716404
6716730
6716565
6716590
6715498
6715103
6716294
6715754
6715867
6716652
6715056
6716201
6715826
6716534
6716739
6715968
6716562
6715088
6716741
6716267
6716735
6712400
6716438
6716441
6715238
6715947
6716644
6716418
6716117
6716616
6716707
6715486
6716629
6716381
6716617
6715551
6716317
6714911
6716058
6716717
6716704
6715770
6716714
6716720
6716235
6716642
6716672
6715847
6716411
6716706
6715287
6716630
6716669
6716716
6716608
6716603
6716543
6715801
6716713
6716492
6716344
6716691
6716258
6716709
6715398
6716596
6715792
6716302
6715961
6715186
6715910
6716015
6716337
6716437
6716628
6713178
6716582
6715827
6716551
6715651
6716507
6715984
6716668
6716495
6715958
6715424
6715776
6716618
6713681
6716686
6716485
6715104
6716683
6716678
6712861
6716129
6716400
6715529
6716413
6716445
6716690
6716681
6716059
6716657
6716462
6716609
6716665
6716480
6716431
6716607
6716676
6716481
6716516
6716677
6716526
6715630
6716591
6716663
6716473
6716465
6716626
6716406
6716224
6715900
6714050
6715099
6716527
6716548
6716664
6716647
6715538
6716547
6716650
6716605
6715454
6716108
6716578
6716643
6716500
6716426
6716149
6716588
6715668
6715830
6712518
6716654
6714038
6716315
6716538
6716523
6716535
6714180
6716515
6715755
6715800
6716213
6716246
6715309
6716322
6716212
6716506
6715856
6716541
6715214
6715811
6716250
6715590
6716619
6713266
6716073
6716563
6716427
6715999
6716398
6716624
6716456
6715637
6716377
6716501
6714901
6716614
6716625
6716497
6715687
6712865
6716604
6716597
6716156
6716499
6716305
6715607
6716571
6716147
6716557
6715787
6716348
6715447
6714651
6715730
6715525
6716599
6715919
6716152
6716467
6716278
6716189
6716150
6715341
6716531
6716520
6714878
6712646
6714505
6716593
6716512
6716442
6716595
6716564
6716393
6716579
6716139
6715700
6716216
6715336
6716524
6716316
6716580
6715038
6716496
6713962
6716458
6716055
6712290
6715896
6715308
6714663
6716130
6712545
6716568
6716576
6716321
6715067
6716555
6715344
6716215
6716061
6715512
6715025
6716508
6716256
6716288
6716561
6716470
6716494
6716395
6716118
6715581
6715949
6716155
6716552
6715283
6716546
6714732
6716225
6716174
6715977
6716407
6715140
6716421
6714922
6716545
6714988
6716519
6715898
6716223
6716488
6716364
6716396
6716084
6716346
6715796
6716154
6715143
6715302
6715786
6716138
6715047
6716247
6716479
6715924
6716255
6716529
6715990
6716260
6716430
6715887
6713910
6716498
6716341
6716124
6716068
6715462
6715996
6714877
6715303
6715433
6716048
6716489
6716037
6715719
6715457
6716338
6715836
6716323
6716487
6716392
6716291
6714252
6716157
6716402
6716409
6715883
6715931
6716211
6716464
6716370
6716449
6712785
6716475
6716391
6716455
6716415
6716023
6716325
6716394
6716020
6716466
6716423
6716460
6715603
6714209
6716121
6716289
6716425
6715879
6716412
6715575
6715472
6716459
6715953
6716324
6716286
6714624
6715160
6716107
6713439
6716071
6716419
6716358
6716389
6716448
6715643
6715549
6716017
6716335
6716428
6716209
6716097
6716439
6716136
6716405
6716005
6715437
6714722
6714810
6715835
6716432
6714051
6716397
6716190
6716440
6715888
6716318
6714623
6715829
6716106
6715746
6716319
6716378
6716403
6716373
6715361
6712112
6716273
6716296
6716372
6715237
6715144
6716367
6715849
6716125
6715933
6716205
6716274
6716202
6713711
6716331
6716046
6715120
6716269
6714175
6715863
6716399
6715555
6715098
6716008
6716320
6715671
6716385
6715993
6716388
6716304
6716191
6715235
6716076
6715136
6716310
6716376
6716352
6716380
6713376
6716336
6712709
6716271
6715626
6716360
6715962
6715991
6714662
6715332
6713855
6716365
6716362
6713923
6715652
6715882
6715775
6716356
6715565
6716102
6715885
6716262
6716359
6714587
6716313
6716096
6715219
6716355
6715284
6715367
6716349
6715978
6716010
6715706
6715579
6716276
6715821
6716151
6716339
6716287
6716332
6716327
6716328
6714766
6716100
6716329
6715731
6716145
6716236
6716290
6715729
6715858
6715334
6715972
6714615
6715967
6716270
6715735
6716197
6716292
6715715
6712930
6716307
6715683
6716002
6713134
6716299
6716171
6714075
6714566
6716298
6716261
6716166
6716114
6714419
6716192
6716009
6716311
6716158
6716226
6714984
6716137
6716275
6716303
6716297
6716293
6716259
6713366
6716282
6716249
6715750
6716176
6715909
6715940
6716126
6715748
6716113
6715428
6716214
6715636
6716196
6715945
6716266
6715573
6716279
6713077
6716244
6716253
6716159
6716165
6714499
6715628
6716257
6713068
6716272
6713052
6715697
6716146
6716195
6713485
6715851
6715799
6716263
6712935
6716241
6715868
6716264
6716142
6715890
6716065
6715215
6715290
6715854
6715708
6716172
6716132
6715915
6716231
6715744
6715871
6716221
6715806
6716204
6715236
6716187
6715055
6716248
6715979
6716233
6715213
6716238
6716245
6714433
6716092
6715960
6714887
6714647
6716240
6715200
6716179
6715957
6716133
6716091
6713502
6715807
6715279
6715589
6716194
6716229
6716227
6716164
6715717
6716228
6715227
6716080
6716199
6716103
6716183
6715761
6716222
6716218
6713108
6715725
6714844
6714162
6711995
6713664
6716024
6713777
6716036
6716049
6715372
6715886
6716120
6713763
6716022
6716207
6715665
6715364
6716208
6714785
6716119
6714411
6715994
6716123
6715049
6715670
6715901
6716186
6715257
6715783
6715965
6715916
6716062
6715874
6716168
6716193
6715935
6716067
6712849
6714801
6715983
6716131
6716161
6716184
6716170
6715733
6714043
6716099
6715356
6715777
6715763
6716057
6716163
6715500
6716053
6716127
6716181
6716175
6715716
6715383
6716116
6716070
6716072
6716180
6716083
6716095
6715848
6716007
6715955
6715969
6714346
6715899
6716153
6716169
6715952
6716167
6715951
6714635
6716162
6716069
6713507
6716054
6711988
6715646
6715411
6716063
6715963
6715400
6716122
6715997
6714937
6712041
6715412
6714862
6716094
6714897
6715641
6715844
6712565
6716089
6715396
6715464
6715853
6715483
6715029
6715780
6715545
6716033
6715618
6714586
6714005
6714358
6714744
6715185
6713139
6715691
6713612
6715768
6715771
6716115
6716087
6715150
6716035
6714709
6716026
6716111
6713135
6715509
6716109
6713887
6714909
6714950
6716060
6716098
6715090
6716041
6715495
6715753
6716050
6716090
6716086
6715976
6716064
6715921
6715802
6715588
6716040
6713978
6715877
6715833
6714924
6716078
6716004
6714512
6714083
6715852
6715727
6716032
6715685
6714410
6714563
6715841
6716056
6715634
6715399
6715690
6715109
6714451
6715838
6715062
6714157
6716052
6715954
6715790
6715333
6715392
6715558
6715482
6714231
6715894
6715897
6715576
6716043
6714985
6715956
6716030
6715981
6714977
6715766
6716038
6714857
6716045
6715970
6716031
6715199
6715020
6715966
6714229
6715355
6715416
6715973
6715889
6715620
6715431
6716011
6715666
6715704
6715842
6716039
6715904
6715707
6716027
6715280
6715221
6714702
6715682
6714284
6716029
6715692
6713835
6715657
6716021
6715840
6713721
6716025
6715598
6715728
6716006
6715267
6716019
6715860
6716013
6714478
6714851
6715113
6715622
6715645
6715834
6716001
6715552
6715192
6715439
6715845
6715606
6714465
6713603
6715998
6715583
6715870
6714793
6714991
6713987
6715992
6715519
6714285
6714421
6715946
6715989
6715266
6715850
6715987
6715937
6715222
6715982
6715927
6715810
6715051
6715943
6715724
6715980
6715789
6713483
6715455
6715405
6715932
6715912
6715902
6715862
6713977
6714989
6715950
6715270
6715938
6713948
6715907
6714155
6715941
6712365
6712774
6715635
6715510
6715934
6715317
6715914
6715523
6715964
6715649
6714968
6714479
6713124
6713105
6715926
6715857
6715629
6715321
6715582
6715959
6713093
6715349
6715843
6715642
6715803
6714853
6715948
6715911
6713456
6715930
6715832
6715350
6715660
6715577
6713132
6715467
6714352
6715942
6715939
6715936
6715925
6715688
6714483
6713042
6715535
6715738
6715859
6715153
6715808
6715785
6715906
6715180
6715782
6714858
6715864
6715230
6715784
6715319
6715908
6713908
6715917
6715553
6715138
6715491
6715608
6715878
6714733
6714876
6715515
6714905
6715831
6714639
6715469
6715812
6715895
6715743
6715798
6715502
6712869
6715615
6715672
6715819
6715089
6715123
6715497
6714102
6715891
6715814
6712955
6713795
6715611
6715489
6715855
6715480
6715726
6715873
6715179
6713667
6715820
6715661
6715121
6715616
6715875
6715880
6715401
6715376
6715721
6715825
6713902
6715438
6715818
6714908
6715866
6715432
6715541
6714361
6715872
6715539
6714933
6714182
6714401
6714511
6714912
6715592
6715828
6715824
6715723
6715681
6715514
6715471
6715627
6715778
6715797
6715823
6715474
6715655
6715741
6715546
6715310
6715421
6715675
6715619
6714728
6715837
6715410
6715656
6715162
6715817
6715481
6715503
6715701
6715466
6715822
6715564
6714742
6715749
6715816
6714776
6715740
6715609
6715747
6715767
6715557
6715765
6715621
6715224
6715476
6715084
6715560
6715809
6713985
6713640
6715161
6715804
6714461
6714929
6713983
6713524
6714842
6715015
6715496
6715623
6715781
6714591
6713794
6714655
6715703
6713608
6714425
6712477
6714325
6714669
6715751
6715148
6713223
6715070
6715187
6714783
6714530
6714036
6715258
6715673
6714946
6715452
6715674
6715676
6715772
6715586
6715369
6715644
6715106
6715594
6715773
6714838
6715580
6715461
6715093
6715409
6715757
6715625
6714976
6715554
6714251
6715110
6715650
6712891
6715134
6715359
6715105
6712894
6715118
6715769
6715414
6715758
6714745
6715764
6715024
6714480
6715610
6715035
6715391
6715686
6714541
6715695
6715712
6714829
6715711
6715423
6715229
6715694
6712331
6715752
6715742
6715677
6715417
6715339
6713661
6715513
6715745
6712013
6715337
6715684
6715709
6715658
6714636
6715737
6715226
6715511
6715174
6715678
6715732
6715570
6715566
6715430
6715468
6715547
6715248
6715705
6715475
6713447
6715663
6715662
6715718
6714260
6715533
6715612
6712634
6714835
6715345
6715698
6715241
6715710
6715702
6715463
6712281
6715699
6713530
6715614
6714596
6715216
6715297
6715170
6715653
6715522
6715595
6714827
6715540
6715382
6715407
6715193
6715307
6714214
6715632
6715680
6712761
6713811
6715508
6715569
6714626
6715679
6714408
6715556
6715499
6715245
6715378
6715527
6715316
6715249
6715444
6715271
6715659
6715039
6715601
6715600
6715436
6715459
6715562
6715293
6714943
6715393
6715278
6715520
6712133
6714142
6715195
6715585
6715465
6713391
6715654
6715528
6715593
6712729
6715602
6713423
6715640
6714579
6714558
6713678
6715028
6715299
6714256
6715633
6715208
6715563
6715631
6715247
6715137
6715340
6712228
6714371
6715624
6715408
6715521
6715584
6715613
6715328
6715517
6715596
6715352
6715228
6715096
6715210
6715484
6715532
6715574
6715597
6714131
6715368
6715493
6715207
6715490
6714438
6715243
6714948
6715587
6715253
6714332
6712059
6715542
6715023
6715494
6715453
6713588
6713532
6715530
6715578
6715078
6715435
6715347
6715156
6715351
6715365
6714788
6715572
6715348
6714375
6715543
6715571
6715184
6713036
6714525
6715413
6714982
6715374
6712265
6715559
6714881
6714582
6713353
6714064
6713126
6715269
6715342
6715516
6715449
6715537
6712605
6715451
6715504
6714397
6715225
6714034
6715487
6714362
6715155
6715158
6715544
6715296
6715209
6715330
6715429
6714033
6715518
6715531
6715273
6715354
6715384
6714488
6714952
6715100
6715094
6714576
6714971
6713723
6715122
6715445
6715171
6715506
6715425
6715128
6712834
6715505
6714448
6715291
6713974
6715442
6715305
6715446
6714715
6715063
6713473
6714305
6715338
6715440
6715261
6715477
6715448
6714774
6715168
6714737
6715205
6715388
6715032
6715450
6715075
6715335
6714855
6714953
6714247
6715016
6713918
6715479
6715394
6715427
6715331
6714790
6712702
6715201
6715470
6714902
6715117
6714467
6713101
6714094
6714556
6714226
6715320
6714718
6715403
6715250
6712067
6715242
6715458
6713624
6714321
6715069
6714978
6714998
6715177
6714914
6715130
6714617
6715285
6715107
6713486
6715260
6714156
6715420
6714795
6714970
6712735
6714528
6715061
6715326
6715381
6715346
6715380
6714517
6715370
6713984
6715434
6712626
6714931
6714329
6715315
6715012
6715397
6715426
6715422
6715292
6715080
6714432
6715418
6715327
6713445
6715358
6715300
6714797
6714567
6714804
6715203
6715163
6712731
6715373
6714021
6715362
6715233
6713906
6714784
6715072
6715254
6714682
6713058
6715390
6715406
6715404
6713895
6715402
6715169
6715272
6712863
6715043
6715091
6715386
6714621
6715167
6715387
6713054
6715071
6714918
6714312
6715288
6715064
6714356
6715366
6715275
6715377
6715181
6713276
6715363
6715256
6715276
6714813
6715079
6715133
6715008
6715197
6715371
6714434
6715298
6714895
6714930
6715206
6715360
6714959
6714468
6715217
6714056
6716945
6714084
6715102
6714846
6715234
6715353
6714983
6714981
6715131
6715000
6714450
6715204
6712533
6715188
6715240
6715053
6715329
6715306
6715325
6715086
6714088
6713508
6715323
6715030
6715322
6715318
6712900
6714854
6715231
6714253
6715165
6715313
6715301
6715311
6715264
6715312
6714072
6715289
6713691
6715304
6714980
6715246
6714775
6715282
6712532
6715294
6715295
6715268
6713107
6714934
6715286
6714856
6714812
6714734
6715274
6715018
6714859
6715259
6714936
6713531
6712609
6715281
6713748
6715263
6715277
6712843
6712650
6715265
6715244
6715223
6712318
6714532
6714990
6714506
6715262
6715077
6713890
6715251
6714969
6715255
6715218
6715054
6715252
6714910
6714882
6714871
6714964
6712792
6714396
6714342
6715239
6714820
6714824
6715220
6713414
6715083
6714125
6715087
6715142
6715194
6714625
6714972
6715006
6715009
6715172
6715211
6715147
6714619
6714883
6712470
6714544
6712373
6715149
6715189
6715157
6715119
6715202
6712402
6715081
6713051
6715198
6715125
6714890
6714198
6714938
6714754
6715065
6712557
6715190
6714533
6715191
6714799
6715116
6715173
6715004
6715182
6714928
6712956
6714497
6715044
6714642
6715095
6715146
6715176
6714686
6715139
6715175
6714848
6715115
6714845
6714603
6714667
6715159
6715152
6714919
6714516
6714867
6714841
6713087
6714705
6715154
6713692
6714471
6713684
6714821
6714560
6715031
6715145
6714227
6714539
6714181
6715022
6714920
6712789
6714761
6715141
6715111
6715066
6714140
6714863
6714992
6714714
6715108
6715092
6712711
6715058
6715127
6715129
6715052
6715132
6714843
6714288
6714216
6714681
6714322
6715124
6715126
6714787
6715114
6715040
6714850
6714726
6715045
6714664
6715057
6714896
6713468
6715021
6714869
6714573
6714973
6714095
6715011
6714979
6714613
6715037
6715097
6712572
6715048
6713997
6715085
6714509
6714873
6714520
6714562
6714993
6714671
6714864
6714194
6715074
6714707
6714967
6714768
6714436
6714721
6715068
6713941
6715046
6714503
6714987
6715007
6714852
6715050
6715036
6715041
6712952
6714826
6714281
6714387
6714462
6713179
6713957
6714078
6714951
6711939
6714940
6714508
6714818
6713650
6714796
6714962
6714996
6714736
6714706
6712915
6714956
6714727
6714258
6714653
6714880
6714974
6713892
6714534
6713927
6714963
6714961
6715014
6714764
6714958
6713544
6714870
6714997
6714543
6714926
6714944
6715003
6714683
6715005
6714691
6715002
6714975
6714999
6714173
6714893
6715001
6714995
6713629
6714830
6714535
6714885
6714994
6714932
6714935
6714847
6714888
6714907
6714632
6714966
6714549
6712462
6714986
6714167
6714819
6714699
6714674
6714894
6714564
6714840
6714917
6712922
6714570
6714748
6712985
6714942
6714762
6714730
6714899
6714660
6714725
6714915
6714955
6714767
6714957
6714341
6714954
6714407
6714306
6714349
6714903
6714904
6714949
6714945
6714571
6714778
6714941
6714765
6714763
6714939
6714923
6714751
6714735
6714832
6713169
6714657
6712155
6714916
6712918
6714676
6714927
6714196
6714925
6714607
6713934
6714738
6713111
6714822
6714816
6714547
6714298
6714831
6714569
6712766
6714193
6712315
6714466
6714747
6714616
6714608
6714906
6714806
6714879
6714379
6714611
6714900
6712377
6712604
6714884
6714889
6714825
6712636
6714865
6714757
6714739
6714557
6714834
6714868
6714803
6714031
6714886
6714634
6713622
6714493
6713046
6714779
6713298
6714872
6713928
6713369
6714486
6714633
6714875
6714023
6714531
6714874
6714687
6714086
6714577
6713220
6714627
6714668
6714760
6714269
6714772
6714292
6714121
6714861
6714860
6714750
6714572
6714464
6714836
6713053
6714696
6714741
6714837
6714183
6714771
6714749
6713403
6713496
6714399
6714609
6714592
6714376
6714802
6714011
6712317
6714786
6714711
6714782
6713340
6714692
6712479
6714815
6714828
6714746
6713382
6714823
6713574
6711992
6714811
6714807
6714817
6714791
6714780
6714805
6714809
6714814
6714114
6714575
6714800
6714798
6714808
6714678
6714654
6713358
6714367
6714690
6714594
6714794
6714773
6714792
6713961
6714578
6714740
6714628
6714553
6714781
6712872
6714717
6714640
6714463
6714759
6713615
6714769
6714502
6713474
6714174
6714261
6714688
6714565
6714708
6714701
6714343
6714685
6714756
6714335
6714127
6714703
6714752
6714643
6713579
6714415
6714724
6714492
6712480
6714645
6713180
6714743
6714431
6714385
6714666
6714548
6713484
6714351
6713260
6714679
6714428
6714712
6714568
6714232
6714731
6713989
6714695
6712216
6714729
6713646
6712314
6714638
6713840
6714665
6714719
6714455
6712441
6714713
6714720
6714658
6712876
6714096
6714200
6714716
6714333
6714641
6714710
6712464
6714689
6714656
6713576
6714700
6714684
6713931
6714698
6714661
6713783
6714581
6714550
6714559
6714317
6714697
6712706
6714693
6714595
6712717
6714130
6714598
6713115
6713388
6712616
6714552
6714189
6714593
6714659
6713522
6714680
6714554
6714602
6713732
6714675
6714279
6714673
6714672
6714589
6713553
6712482
6714618
6714413
6714540
6714670
6714606
6714585
6713395
6714475
6714414
6714649
6714128
6714091
6712734
6712997
6714003
6714477
6714388
6714622
6714652
6714491
6714650
6714648
6714600
6714536
6714646
6712227
6714304
6714290
6713849
6714631
6714228
6714496
6714620
6714190
6712926
6714495
6714630
6713555
6714629
6714204
6714168
6714382
6714612
6714030
6714610
6712904
6714330
6714584
6714244
6714605
6714097
6714597
6714590
6714522
6714604
6714400
6713545
6713500
6713707
6714538
6714574
6713540
6713756
6713951
6714561
6714389
6714276
6713932
6714588
6714519
6714079
6714454
6714035
6712780
6714359
6714583
6714265
6714580
6712287
6712895
6714398
6714124
6714472
6714542
6714555
6714386
6714521
6714220
6713387
6714501
6714300
6713463
6713176
6714354
6714179
6713884
6714139
6712699
6713565
6713427
6714526
6714405
6714313
6714323
6714513
6714546
6714435
6714529
6713431
6713384
6713015
6714129
6714291
6713402
6712943
6714363
6713724
6714507
6714498
6714490
6714224
6712805
6714441
6714295
6714241
6714427
6714218
6713881
6714037
6713026
6714458
6714482
6714456
6714527
6714215
6713764
6714523
6713047
6714518
6714515
6714103
6714484
6714514
6714417
6712931
6714370
6714134
6713237
6712509
6714510
6714202
6712804
6714353
6714440
6714366
6714470
6713800
6713914
6714392
6714474
6713767
6713562
6714504
6713991
6714138
6713568
6713435
6714500
6714048
6714348
6714307
6712244
6714271
6714494
6713311
6714364
6714282
6714457
6714153
6713001
6714380
6714177
6714302
6712897
6714007
6713417
6714274
6714350
6714469
6712652
6713916
6714250
6714391
6713990
6714324
6713631
6714071
6714460
6714141
6713894
6714308
6714377
6714423
6713270
6713820
6714453
6714338
6714447
6712728
6714143
6714301
6714147
6713301
6713515
6714378
6713639
6713525
6713043
6713807
6714360
6714161
6713575
6714449
6714299
6714225
6714459
6713303
6714403
6713772
6712256
6714373
6714418
6714445
6713613
6714062
6714272
6714020
6712588
6713587
6714444
6714085
6714395
6713947
6713945
6714345
6713627
6713464
6714409
6713954
6714439
6714104
6714336
6714430
6714420
6714150
6714165
6713768
6714422
6712977
6712783
6713901
6713476
6714334
6713184
6714275
6714245
6713659
6712992
6714424
6712684
6713061
6714393
6713761
6714365
6714383
6713505
6714192
6712800
6714390
6714337
6714381
6714287
6713857
6713907
6714402
6714101
6714355
6714132
6714404
6714248
6713133
6714185
6713415
6713905
6714394
6714257
6714303
6714098
6712499
6713993
6714357
6712508
6713754
6713779
6714384
6714146
6714326
6714374
6712503
6714369
6714118
6712740
6714144
6712062
6714149
6714273
6713936
6714368
6712012
6714176
6714221
6714219
6713729
6712751
6712198
6714172
6714028
6714068
6714135
6713716
6713771
6713792
6712921
6713980
6714163
6713586
6714297
6713939
6712720
6714278
6714040
6714223
6714339
6714347
6713814
6714222
6713778
6714009
6713657
6713618
6713598
6714148
6714111
6714001
6714025
6714315
6714210
6713081
6712152
6714188
6714211
6713862
6713405
6714049
6713503
6714327
6714187
6713325
6714328
6714320
6713728
6714314
6713333
6713796
6714201
6713658
6713925
6713264
6714018
6713472
6714059
6714115
6714268
6714184
6714309
6714024
6713611
6714283
6714012
6713479
6713864
6714112
6714199
6714277
6713903
6712153
6713870
6714093
6714296
6712397
6713859
6714293
6714089
6714262
6714066
6714289
6712560
6713380
6713153
6713956
6714087
6713275
6713986
6713992
6714263
6714239
6712648
6713656
6714010
6712739
6713805
6714152
6713335
6713710
6714013
6713436
6713733
6711957
6713059
6712946
6713550
6713995
6714246
6713817
6713249
6713829
6713750
6713879
6714206
6714243
6714242
6713374
6714230
6714217
6714240
6713662
6712015
6713296
6714237
6714234
6713971
6714233
6712617
6714195
6712973
6713527
6714105
6711951
6713092
6713543
6713967
6713673
6714116
6713899
6713647
6713897
6713891
6713039
6714213
6713633
6714160
6714207
6714197
6713964
6712131
6714203
6714154
6713233
6713449
6714137
6714092
6713943
6712501
6714122
6714126
6713720
6713788
6713630
6713343
6712309
6713478
6713187
6713000
6713949
6714029
6714107
6713344
6714000
6713666
6714110
6712707
6714055
6713965
6713900
6713959
6714166
6712923
6712983
6712301
6713818
6714145
6714090
6713963
6713533
6713279
6714158
6714159
6712641
6713620
6714151
6713757
6713453
6714123
6714052
6713605
6713570
6714133
6713693
6713845
6712389
6714006
6713960
6713958
6714106
6713828
6714082
6713883
6714119
6712640
6712455
6713283
6712109
6714120
6712293
6713581
6714113
6713183
6714054
6714109
6713981
6712246
6714108
6713088
6712456
6713229
6713161
6713143
6713747
6713878
6713815
6714077
6714099
6713686
6713797
6713466
6713048
6712369
6714047
6713791
6713150
6713876
6713600
6714081
6712320
6713470
6714022
6713854
6714076
6712126
6712959
6713289
6714074
6712619
6712972
6713232
6713801
6713810
6712853
6713634
6713898
6713297
6713996
6713744
6713824
6713714
6714070
6714067
6713920
6713170
6713889
6713847
6712758
6714041
6713548
6714060
6713911
6713874
6712855
6712548
6713703
6713255
6714053
6714044
6713842
6713753
6713836
6713459
6714017
6713185
6713144
6714039
6714042
6713398
6714027
6713868
6713665
6714026
6713718
6713979
6714019
6713368
6714016
6712100
6713400
6713155
6713789
6713926
6713929
6712756
6713746
6713551
6713560
6712673
6713950
6712688
6713517
6713940
6713535
6713975
6713471
6713428
6714014
6713663
6712372
6713719
6713982
6713970
6714004
6713651
6713999
6713935
6713804
6714002
6713994
6713462
6713722
6713482
6713308
6713848
6713609
6712412
6713846
6713865
6713798
6713399
6712602
6713589
6713552
6713952
6713787
6713316
6712914
6712141
6713213
6713676
6713198
6713226
6713765
6713677
6713781
6713946
6713700
6713919
6713569
6713933
6713942
6713348
6713930
6713004
6713885
6712695
6713715
6713775
6713299
6713578
6713872
6711979
6713032
6713737
6712738
6713915
6713643
6713685
6712471
6712775
6713670
6713917
6713912
6713704
6713067
6713253
6713888
6713141
6713886
6713774
6713827
6713802
6713434
6713861
6712544
6713822
6713866
6713698
6713188
6713066
6713893
6713770
6712642
6713563
6712517
6713882
6712859
6713238
6713877
6713880
6713869
6713784
6713871
6713493
6713494
6712844
6712110
6713173
6713730
6713850
6712097
6713776
6713819
6713218
6713655
6713853
6713863
6713856
6713860
6713705
6713518
6713621
6713852
6713590
6713844
6713793
6713151
6713809
6713467
6713542
6712493
6713163
6712967
6713649
6712259
6713668
6712261
6711945
6713408
6712052
6713534
6713838
6713826
6713739
6713813
6713110
6713833
6713832
6713602
6713830
6713595
6712654
6713103
6713823
6713825
6713688
6713760
6713708
6713803
6713782
6712327
6713755
6713140
6713636
6712742
6713164
6713652
6712266
6713247
6713331
6713742
6713790
6713752
6713786
6713083
6713680
6713547
6713209
6713554
6712815
6713736
6713759
6713572
6713780
6713738
6713773
6713444
6713696
6713430
6713769
6713290
6713762
6711982
6712940
6713706
6713741
6713671
6712553
6713745
6713751
6713448
6713142
6713469
6712535
6713712
6713604
6713145
6712030
6713697
6712430
6712511
6713654
6712899
6713481
6712451
6713642
6713446
6713731
6713689
6712335
6713726
6713330
6713460
6713626
6713717
6713489
6713695
6712284
6713069
6713713
6712714
6712988
6713454
6713709
6713644
6713701
6713295
6713239
6713008
6713610
6713319
6713429
6713694
6713683
6713241
6713171
6713675
6713593
6713072
6713475
6713265
6713623
6712555
6713583
6713022
6713002
6712047
6713113
6713674
6713607
6712260
6712795
6713679
6713222
6713594
6712431
6713273
6713672
6712312
6712150
6713653
6713219
6713669
6712337
6713660
6713306
6713561
6713597
6713458
6713114
6713397
6712889
6712704
6713648
6713378
6713558
6713214
6713641
6711971
6713637
6713091
6713509
6713619
6713291
6713498
6712898
6713536
6712885
6713628
6713010
6712392
6713373
6712817
6713203
6713606
6712574
6713573
6712998
6713617
6713210
6712396
6712691
6713204
6713599
6712716
6713416
6713591
6713596
6713566
6713347
6712438
6713272
6713168
6713585
6713538
6713438
6712504
6713495
6713199
6713240
6713571
6713582
6713197
6713499
6713501
6712793
6713250
6712725
6713557
6713006
6713457
6712813
6713049
6713326
6713304
6713440
6712489
6713526
6713520
6713488
6713529
6713546
6713201
6712380
6713549
6712942
6713216
6713242
6713277
6712591
6712262
6712770
6712984
6712807
6713504
6712831
6713379
6713381
6712829
6712316
6712481
6713519
6712743
6713338
6713313
6712677
6713154
6712722
6713420
6713506
6712752
6713385
6713413
6712966
6713491
6713328
6712452
6713252
6712500
6712746
6712252
6712822
6712286
6712896
6713334
6713332
6712938
6713293
6713465
6713244
6712643
6712454
6713426
6712366
6713327
6712360
6713268
6713452
6713455
6713370
6712782
6712969
6713432
6713315
6713307
6713442
6713263
6712825
6713323
6712577
6713156
6713394
6713359
6712472
6713235
6713401
6713433
6713129
6713167
6713418
6713421
6712778
6713393
6713425
6712130
6712283
6713245
6713365
6712476
6712660
6712806
6712982
6713407
6712994
6712653
6713383
6713274
6712964
6712866
6712941
6712184
6713389
6712736
6713371
6712414
6713336
6713346
6713280
6713292
6713342
6712494
6712830
6713372
6713362
6713364
6712882
6713017
6712975
6712767
6712567
6713352
6712764
6712840
6713361
6712156
6713351
6713354
6713355
6713321
6712583
6713294
6713324
6713345
6713090
6713337
6712841
6712907
6713267
6712546
6712542
6712701
6713224
6712685
6712833
6713248
6713162
6713310
6712870
6713282
6713259
6713236
6712989
6712884
6713064
6712488
6713284
6713251
6713127
6713288
6713160
6712791
6713285
6712424
6712498
6712026
6712893
6713206
6712890
6712694
6713033
6712961
6712771
6713193
6712461
6713181
6713256
6712781
6713254
6713025
6711944
6712379
6713234
6712612
6713207
6713196
6712664
6712571
6712021
6712608
6712867
6712951
6712606
6713190
6713225
6713228
6713230
6713044
6713227
6712243
6713182
6713024
6713030
6712856
6713065
6712768
6713212
6713205
6712349
6713202
6713063
6713200
6713085
6711975
6713096
6712322
6713014
6713166
6712799
6712925
6713177
6713174
6712809
6712968
6712598
6712788
6712135
6713158
6712058
6712858
6712927
6712862
6713131
6712137
6712558
6712826
6712846
6712812
6712990
6712017
6713035
6712344
6712443
6712530
6713075
6713123
6712597
6713125
6712091
6712949
6713120
6713070
6713119
6713118
6713117
6712625
6712161
6713112
6712527
6712427
6713079
6713109
6712566
6713106
6712667
6713084
6713102
6712570
6713098
6713062
6713082
6713095
6712987
6713078
6712991
6712630
6713011
6712929
6712981
6713080
6712970
6712993
6713021
6712485
6712207
6713028
6713027
6712332
6713031
6712469
6712948
6713057
6712776
6713055
6713016
6712979
6712117
6712037
6712603
6712072
6712913
6712814
6712232
6712821
6712592
6712901
6712563
6712050
6712947
6712474
6712031
6712465
6713003
6712449
6712980
6712404
6712854
6712712
6712958
6712871
6712819
6712182
6712324
6712978
6712986
6712976
6712420
6712974
6712962
6712910
6712850
6712231
6712950
6712945
6712340
6712936
6712944
6712937
6712668
6712933
6712703
6712306
6712902
6712772
6712906
6712491
6712515
6712881
6712912
6712836
6712633
6712726
6712519
6712700
6712845
6712165
6712883
6712837
6712708
6712624
6712122
6712288
6712886
6712860
6712878
6711999
6712857
6712308
6712432
6712868
6712063
6712125
6712847
6712808
6712681
6712802
6712838
6712426
6712662
6712370
6712827
6712103
6712824
6712421
6712797
6712064
6712816
6712744
6712403
6712686
6712390
6712599
6712645
6712081
6712442
6712016
6712790
6712798
6712447
6712325
6712271
6712289
6712678
6712757
6712073
6712540
6712495
6712754
6712779
6712382
6712718
6712381
6712551
6712748
6712651
6712655
6712687
6712747
6712582
6712697
6712657
6712750
6712732
6712556
6712737
6712635
6712584
6712741
6712070
6712516
6712224
6712665
6712367
6712270
6712478
6711937
6712529
6712721
6712342
6712690
6712275
6712437
6712705
6712622
6712680
6712689
6712601
6712682
6712639
6712581
6712020
6712053
6712523
6712672
6712671
6712295
6712669
6712543
6712272
6712661
6712507
6712450
6712213
6712649
6712351
6712586
6712459
6712554
6712647
6712448
6712199
6712644
6712541
6712631
6712585
6712415
6712484
6712620
6712463
6712095
6712039
6712600
6712593
6712407
6712245
6712468
6712273
6712492
6712411
6712569
6712561
6711989
6712436
6712552
6712562
6712559
6712364
6712524
6712429
6712502
6711935
6712193
6712531
6712496
6712483
6712458
6712486
6712528
6712525
6712475
6712274
6712514
6712422
6712466
6712391
6712510
6712506
6712134
6712428
6712185
6712401
6712175
6712138
6712487
6712121
6712217
6712326
6712334
6712221
6712241
6712282
6712296
6712439
6712294
6712394
6712230
6712329
6712446
6712409
6712383
6712242
6712405
6712378
6711941
6712423
6712330
6712417
6712418
6712269
6712359
6712323
6712398
6712361
6712101
6712333
6712387
6712254
6712363
6712388
6712088
6712045
6712385
6711987
6712345
6712371
6712129
6711994
6712355
6712147
6712178
6712357
6712354
6711940
6712358
6712132
6712356
6712319
6712352
6712353
6712251
6712192
6712280
6712249
6712000
6712276
6712277
6712162
6712302
6711998
6712299
6712250
6712023
6712065
6712197
6712237
6712225
6712303
6712170
6712056
6712236
6712291
6712279
6712140
6712222
6712127
6712240
6712247
6712171
6711973
6712229
6712209
6712128
6712179
6712159
6712212
6712206
6711946
6712111
6712118
6712208
6712203
6712043
6712176
6711963
6712190
6712145
6712188
6712189
6711985
6712167
6712183
6712099
6712177
6712173
6712172
6712154
6711965
6712098
6712116
6712149
6712136
6712004
6712123
6712119
6712006
6712069
6712105
6712090
6712046
6712102
6712089
6712887
6712084
6712080
6712078
6712076
6712075
6711938
6712048
6712028
6712055
6712003
6712034
6711977
6711959
6712019
6712009
6712011
6712005
6711976
6712001
6711993
6711970
6711968
6711961
6711948